0.0003998469576573148,0.0005234913845655614,0.016127670778223704,0.00018958528606128144,2.4506813854436906,1
0.012337379132414353,0.29759895397402086,0.8710357901045154,0.1633976964338533,2.462661554471317,1
16.897493297941647,0.08453549099570143,0.15884729210550927,1.8444059735635344e-05,0.000576742833975113,0
12.120937289231335,1.593577632185542,0.32595064601524476,0.005692717527762299,4.662013894158756e-05,0
0.23914439542769084,0.7885244396820805,50.0,2.15327701620319,0.25543083052781196,0
0.0844187974293118,2.1884725471651878e-05,0.35430422188998945,15.64100030590002,0.7084428166931985,1
0.06962305233612344,1.780302221342256e-05,0.0004689942615238675,0.04594336106742217,2.5828994454368415,1
0.7502987580120111,50.0,0.9821987006365658,0.09272693678690752,0.014403974915605904,0
0.0006163302442132504,0.09334934355719463,0.4974186329763142,50.0,0.27628553001718625,1
0.3289644748757584,15.945323874373337,4.078362584440703,0.12095605085464385,0.14108113313635004,1
0.0007985899668298059,0.000607365339388646,0.18664424376828465,0.23657142366743242,11.416387830439751,1
0.00021177648709453178,0.009172754887252603,0.5404172605032252,9.695339165060332,1.5324035862299141,1
0.23955670649930225,0.10324449314814184,0.7904696568434393,2.1030730462841127,0.11912205345925003,0
7.932925367333473,1.1126009099509309,2.4882871060203984,0.23863853991026876,0.042826263001331646,0
0.00027779814558072434,0.10034000978466819,0.06980249769557695,1.3008108714608704,0.30284332859030516,1
2.8624759604001384,0.12155852121289724,0.7802510991890925,0.41995564060389673,0.0006781386383327482,0
0.15390086734254832,2.038580726703659,50.0,0.8018601770125691,0.31727813603235866,1
0.11769669489667824,8.958737972712471e-05,0.2253964957731865,3.6080616283995384,0.7868137643827244,1
0.17028099446305012,0.8569568376421632,18.53388190569773,0.7080751335152478,1.10403186708089,1
1.4676350155207671,1.0620397346473152,0.1371566391163333,0.04448067383575227,0.031165078302738562,0
0.0006780889229010177,0.0007326723954088321,0.163296240212357,0.6670456446285881,0.40347451194181244,1
0.16950794998977525,0.356357868390533,38.969378732144456,4.859250768446615,0.21568980077070193,0
0.07448604924867086,0.36794877264345405,1.9879413278964897,0.25749960538000294,2.145816100407009,1
0.03940303576352498,2.7051114701826307e-05,0.5221485694582606,0.9946312623719917,50.0,1
21.05861112030744,1.4494538868138167,0.7425870890380962,0.14707552647618743,0.06355971122456698,0
0.22339657861529266,16.0493579760811,0.2554638586467967,0.0004907727577955573,0.0004072195364609703,0
4.976996905089419,0.14872593404046147,0.23858644617842953,0.1368196935489247,0.0005021089377973922,0
0.0664366882851482,10.530358013056642,0.25925675297709144,0.036681319109218624,3.3586537374035386e-05,0
50.0,0.39538712671030946,0.28966236357674086,0.0017744981671138221,0.00040414359815630653,0
0.31593014523542307,0.6431963799598092,50.0,3.6462737022091853,0.3066909478763937,0
21.62805054348633,0.13242358010809516,0.08223958227349903,0.09076001847774527,0.00027993627630612083,0
12.26340968109832,0.040637027179510773,0.0005656196129570631,0.08507528739881237,0.00011649388195889377,0
1.9788262056823693,0.7609827096442562,0.08446691158367756,0.005332298808457255,0.1129911884338022,0
0.28435823092023643,20.542697929132157,4.827569525104389,0.17769383389367355,0.22769736453617212,1
0.21588108671500042,50.0,2.4628470661157427,0.02524695027056878,0.17632278777964228,1
50.0,0.21050892624987377,0.22125327735764422,0.023131945841350775,0.014668639375215193,0
6.115953153747758,0.0975655246779993,0.021435526926837416,0.00042833109686602356,0.07354074472307254,0
0.12591739948032357,0.22362588313083412,0.7127147692231844,0.30839709591026937,50.0,1
0.09226056598536508,0.12440465538905368,0.47893053791144,5.498401005888297,1.4117749072595982,1
0.20063577968835822,46.52778459273952,5.657648152233617,0.1215936960273502,0.27434565442067105,1
0.0004438898436533594,0.10082256763651291,0.15805228403824187,3.6520392820721455,0.19334243741343815,1
0.00020699667856053795,0.011050166803345085,0.3474313927792594,0.36697994276938617,50.0,1
1.0307038932324997,0.16165642097397181,0.3545165009894511,0.41486274912638044,0.11254871522210917,0
11.275940523635361,0.2334327909887205,0.8393389523592254,0.19758375858609972,0.12302513131684545,0
0.8162877581452371,1.0853376288102978,0.12122204296956535,2.7431494357657016e-05,0.10840454933608909,0
0.12821151879361353,10.57615665022036,2.0533382958446134,0.16481722276868307,0.22193567952878127,1
0.11003203284484847,0.11812598184879244,0.6580475558432253,15.704987716792475,0.2893467922539615,1
0.9745375738618026,0.28872763319259187,1.9257984320081662,1.2928547586294468,0.036905022492107496,0
0.03786898807332317,0.18429281975555048,0.6292337185330268,0.4703529526983275,50.0,1
6.051399632232812e-05,0.11647525001524639,0.21531900417701896,0.2690512499514008,50.0,1
2.423887738220791,1.7883136300863958,0.26768749026041383,0.13516315919004288,0.0008455619502838603,0
0.3341667557078594,7.402236264011348,0.31006316473293305,0.00032087030541971096,2.9635896515732176e-05,0
0.0006885766747853588,0.09617974815832389,0.11682304805522642,1.6170812345789778,0.347531341716655,1
28.47668575458503,0.08980171284591422,0.0252534675049568,0.1279777754209721,0.10678974903416436,0
0.20125714711990136,31.993146260658527,0.6840236506458234,0.15186832049163673,0.02370185947802772,1
0.1518483888545222,2.8735513073652794,0.16866521497087866,0.06747189241038039,0.0005237612439536919,0
0.01143028018997123,0.1816084531122436,1.21678541283419,0.8926394519157022,28.61680532951474,1
0.06432056308067978,0.10364461563743188,0.17784726396190909,3.5323021933581797,0.05270818283697418,1
0.18340943526852505,9.305151695774413,0.1290966641728342,0.049806587120792625,0.0005654833431796289,0
0.8839552478466403,1.3725968590820012,0.07758155311912499,0.014677780361665518,0.0008223731067447518,0
0.08090788784308925,0.07250602883305018,0.07034810972431851,0.6028894538295355,0.32332868627273287,1
0.12065666566961786,0.4061774073599618,3.1200894865585735,0.7971099058792362,5.707664762043054,1
0.02722733112823049,4.457802418764392,8.599042197744144,0.23153892849670651,0.45793306335441564,1
0.00041659017674649856,0.06848140600063038,0.0009841689851340723,0.24132512352043273,2.4975841605752516,1
0.3120564073003565,0.009683701729113495,0.639186776091537,1.0305759776845012,0.13915658680874582,0
2.8254163386102165,0.20858866622737093,0.1144961155499636,0.0008559216336478885,0.030479039671569078,0
0.0009841488470091263,0.021053760025750955,0.16895583735659425,2.498305692704141,0.7564916053291528,1
0.1331468111449138,0.13011120109611118,0.6407253544086784,8.80059548115933,1.241322762916932,1
2.1834329143055378,10.723422966599232,2.824916234343659,0.2294274927994786,0.1524469729649853,0
0.06326490172868765,0.09284211615961965,0.23252034601927934,3.077290495447367,0.06304009863849934,1
0.12237508888834998,17.28908632430615,0.9215377326344527,0.1265223449383232,0.056722161454347504,1
25.678434979232453,0.4483981524408232,0.5787080260898319,0.11155953811243458,0.10307494125342251,0
0.23697442763431187,50.0,0.7234129366925196,0.1347146926407444,0.0008039245826592617,0
0.4311955159223534,50.0,1.8679743149649508,0.14417965533606047,0.17147669082946,0
0.018001340198195652,1.4201018225327962,0.2013425913263893,0.014218478931587845,0.04865913417388758,1
0.3184289052567307,0.7095084291469652,50.0,3.1402447454837046,0.20274755996481322,0
0.7478774346601351,0.1889113600727364,2.4403555424479384,1.824103482069861,0.10360410407983683,0
0.12789443366800843,0.30832819583154775,0.9525788500350922,0.14176318408951608,4.20306622090923,1
0.32432550043350783,12.02980252066217,0.18839646565554996,0.026959881717981186,0.09492197587564591,0
0.1555279709456721,0.04595536562203384,0.6395591869313104,18.74627550450694,0.00277716363283656,0
0.01725756610106574,0.11457970398656141,0.19904405014708035,0.11172333648080113,16.184466119262904,1
0.09928725240618344,0.06278739374046909,0.6033260493710895,5.2097865385688005,1.8658925440768994,1
0.25999420462401734,0.2769265143010279,9.673213734910082,17.63138040978977,0.21395593997505827,0
32.977555816919924,0.1934179800589551,0.18890031560337628,0.00025332398350907536,0.10128481403360952,0
0.4521941019980325,0.4611870116364366,50.0,3.5333345005179546,0.13343672528102557,0
0.3177511380289899,0.04694516201317719,1.1066318311537058,4.45639665821916,0.10116355453701079,0
0.28675875042348464,15.453183177339291,0.35253493333412794,0.0004929776845454782,0.12897704266544266,0
0.000920295602300961,0.10679693356474017,0.6510583825326304,0.39182801872465406,41.17473319572572,1
12.504917427717334,0.04691799739110325,0.22791290276393533,0.11228031346403437,0.0005791118008903139,0
0.00037835510785132334,0.3366527989238478,1.6706093583924104,0.5019264631276019,9.334472838148628,1
0.24984267977043778,50.0,3.127761138749501,0.07597646359411561,0.19734423735456874,1
0.03197015523346815,0.028257082110545777,0.5903858904900827,14.90025133078677,0.049253489733234304,0
7.57181956026845,1.1311210978879171,1.4544260470142656,0.06969267017922495,0.039553757693467174,0
15.300272459359228,0.3652474674371507,0.6055175802378517,0.12217754728559982,0.09842524682831955,0
0.1101217434539758,0.00015902781720562832,0.20670824001622817,0.3218894316472309,50.0,1
0.16620967236227593,0.050295914733469865,1.6515130538443425,17.51582502255618,0.3457822293677105,1
1.2150724724843311,6.221800733276009,0.4234280365847928,0.0006479535932760719,0.0006608762415797903,0
0.1635437654028415,0.5724058950636839,7.699249356290467,0.6361768004369015,1.4458118644382238,1
7.889377796228803e-05,0.1201052481522953,0.13902879453079017,0.15257509073443393,2.3570064183044224,1
0.10479279065003073,0.9096905767487742,0.654277400456115,0.09026728040283843,0.5681028120235205,1
0.09340693498943689,0.00037897896570640214,0.03935616914502521,0.05007533902167341,50.0,1
0.13281170204899928,0.15979796979612387,1.160667324360821,20.24834701713135,0.3902039162943097,1
0.39953812683813,0.5937948020544485,0.1764546157506906,0.016570980492310938,0.096133482644204,0
0.0121100887647386,0.03299708029134757,0.09697116174215942,1.2227440105445755,0.4759700296475997,1
50.0,0.18237943963635567,0.2860535856922156,0.13052009343276513,0.00040853072536880576,0
2.6625439028857776,1.466231697686851,3.8357760500520093,0.3407058392007889,0.10350987428219421,0
0.04060545379071557,0.6355370502475999,1.6375077079219957,0.2933302171081004,2.383753127976987,1
0.8045147799269688,0.11197557505913498,0.33065225667869136,0.31701029119496915,0.03814976990044091,0
0.11699184082903251,0.11717971569969488,0.7934669167840841,50.0,0.7673700263071318,1
0.033612204836892076,0.5594681339538043,0.5278883761005313,0.11968643191835782,1.1097466102774138,1
0.001713962192071445,0.09552420611855643,0.5493256704261489,0.30863179116340167,27.937559675507792,1
36.91943699181193,0.3739794533937861,0.8039909669222227,0.19213017975182917,0.02993602987007455,0
0.29692563705245245,1.3420196285958688,50.0,0.9574605217861811,0.37725089171164033,1
0.25310877109880914,0.8156016826665777,0.12049927532871481,0.0004750019802206016,0.0879892963246479,0
4.234552122334985,1.85240224179426,2.4069155033888476,0.2272474631689182,0.11626068298765521,0
0.05717502308599064,0.0006593110434410247,0.306506019224387,0.162907442426094,50.0,1
0.0641968722803803,0.03990589326224875,0.14037471398077678,1.2086114285459937,0.7807555436173005,1
0.24465732272271104,0.5371957001116212,50.0,2.0887184621735417,0.5293065976417638,1
0.10477865065201425,0.28788745198823334,3.212345641513135,1.0440237799922871,6.026552694053232,1
6.928440346039079,1.5475472943163253,0.2380914607656331,0.000799123657049611,0.000920695387295573,0
0.01895939302548124,0.013274122651437542,1.711637695890264,50.0,0.6401185740329856,1
50.0,0.4805580360933097,0.45032220142419477,0.10158376779455588,0.0003375468451854733,0
0.00024525349488843716,0.0017332064375252115,0.02549423468925826,0.37990855105673926,1.9687351821580108,1
0.0005368691193710733,0.0377794311141077,0.06896047826515375,1.222884132792458,0.08548139223296866,1
0.0006845092139165147,0.12689994266943574,0.13557620742444476,4.882545015481012,0.15692489920711994,1
0.00039564343751402067,4.396908621180018e-05,1.1493531272818929,50.0,0.45788894657287027,1
0.0003719663129904163,0.06911593119417804,0.46811193791587624,50.0,0.023777563989706554,1
0.055944741525092025,0.011807160816561385,1.0738208470255328,50.0,0.3809024503846053,1
0.12390886320013395,12.382742934868181,1.0370104023218751,0.05921203955344873,0.21838926814694348,1
50.0,0.5284745769907421,0.8418417991497344,0.2405403433181451,0.0001470832895572576,0
0.0003248446987134711,0.1673111922615288,0.6156369722529249,0.13409738041373376,3.9638926635216074,1
0.05902921459588413,0.1004829764458871,0.6260638994814411,27.407914778821265,0.720519220453498,1
7.443493532013311,1.465539033696066,2.033826865609836,0.23365571563299095,0.07890088205828365,0
0.03576808334316149,0.023252578349648848,0.9793624170122336,13.036072850582592,0.5745007323786266,1
0.15676145543112813,0.3938160327935156,8.924839255270246,2.6305981763294457,2.157454140375917,1
0.30253318131722384,50.0,1.3168888041643967,0.16073378180841005,0.07206094926863729,0
0.15724774488398915,0.1410417532149131,5.452523543242909,12.583527310129343,0.5403629205211498,0
0.10514793855734078,0.1128275802712667,0.09348583895984032,0.4981136217333033,3.6025614910283497,1
2.2094108173222216e-05,0.2357376014298704,0.6167407840033758,0.3173694745703696,6.0533343965410795,1
50.0,0.15397929858117904,0.22681055178626663,0.15635942748057285,0.0008810010711269866,0
0.19247331337214674,8.510601757391171,8.542296789874259,0.19583067809784646,0.40804211075462143,1
0.24454088740493032,0.07513306882367558,0.7386984020632302,4.325049307291453,0.1594806617608432,0
0.04884154424223976,0.0006507368815355076,0.6235206341682776,9.332863617338383,1.1252800240074525,1
0.010038390261985622,0.05763281652468727,0.3057202870090993,2.8415473088323466,0.029634679514906732,1
3.7572491898116143,0.14702950310838464,0.05273111829059959,0.11530507860018793,0.10442844867749221,0
0.0297912799530358,0.02971718643204808,0.17131346187559793,0.1375739810610336,15.094521170344237,1
0.1926326644371207,0.1786484158256871,1.9413904609117294,12.652157214140516,0.11787598565767543,0
0.0009663297278711804,0.08563371219907126,0.08328042026734073,0.2963597823964552,1.2601512794294911,1
0.15315794855744008,3.2936279541108697,9.668246888856135,0.3906600516329034,0.3491872549503252,1
20.02918594864896,0.18051044895001078,0.06066859560872513,0.03849991047458641,0.018112546052423708,0
0.7980134865664451,50.0,3.0829083322045747,0.10208717565206034,0.11854361583829642,0
0.06930549514370028,0.07039517864485004,0.27237226307265633,0.6111593207199103,27.11767085456214,1
0.29196907533191707,1.6753720539163417,50.0,1.0774848986732517,0.24674966541528334,1
0.250660049611758,0.6622584331047023,0.0004190163770418872,0.010037700142327154,0.00014819090866715723,0
0.0002554023127904964,0.045798069038462605,0.149929551707743,3.6949478733736436,0.1581044269836627,1
1.4355930143764941,0.22447225179969374,0.6973694651992016,0.4879433718840732,0.12826642786898165,0
0.06305333470946667,0.15416816490527502,0.4238711866172245,1.568530378826188,11.883411025166913,1
0.09645112391748442,0.09780982173970405,1.758361179787709,5.010812174356612,1.723501308678762,1
0.11119770406347773,0.7362104203560865,0.0021936255736009352,0.04968196322494765,0.0007349362590076305,0
0.13363475080311332,8.36614212372043,6.888976463096419,0.15340262580548797,0.15665776833494144,1
2.1616771780654074,0.09717236762557854,0.054930078609674374,0.10202594750750225,0.08587552621143005,0
0.12370227359693149,0.10933726206137787,2.0597378479361703,50.0,0.5319343416176467,1
0.1028721477406386,41.99943389291263,0.651893749285416,0.13332123120276124,0.09757917028484192,0
2.903914891551983,0.8212981887982174,4.487661231273308,0.4848468554794205,0.14302959419194697,0
0.30679605578212343,41.66855434152635,0.4807116247725573,0.01934656653550446,0.0003709062898291358,0
1.7877147336404846,3.0501649784171176,6.720452969684735,0.2614021923059745,0.06286831382431474,0
0.09173953756830364,0.08399825311673269,0.21571557717144313,3.1940772351549604,0.4050909733818066,1
2.016308124701645,0.04568724920246067,0.46481391841692193,0.2175829122663302,0.09350824178655692,0
0.12877993299637086,0.6655375927975689,0.925922747832371,0.21250694779461496,1.4076671803536582,1
33.456482955604685,0.8868644823292069,0.8655779300763413,0.03505590092463082,0.01759500094301844,0
0.4175910350930073,11.019873374063758,46.77559426371151,0.26946666407159126,0.18993394999274574,1
0.06508564476089708,0.0924767192612512,0.16229868001507786,0.22826357169557787,50.0,1
0.22312492085200317,1.2921469088565583,0.0003991875780702251,0.06617464798600911,0.004837377441052082,0
1.0193013274840603,0.5258171702149536,7.97687803395885,0.9896738762742575,0.04920504824527935,0
5.711670299902101,0.059528010711480575,0.08572946543045303,0.0005774990915854102,0.0003762101110890289,0
0.07273129116648347,3.7334928850512914,7.663888466449066,0.3679636960562743,0.17658279723832537,1
0.0004732557572232732,0.09867250297814407,0.03452879692726876,0.08283612742849514,50.0,1
0.5928120153224521,0.0762745205346221,0.36759225843755633,0.5918748150740542,0.09109683013030806,0
0.0007674234067934126,0.0007155446246503068,0.18211252911427578,5.159531553822996,0.11866513933792006,1
3.952861443047816,0.17627445277053239,0.30914195054524296,0.23668304702731097,0.0004160765574878701,0
0.12141746259628337,0.5200852390477054,5.116695431771452,0.8159707693443335,1.5385801032702535,1
0.178023222135254,0.7875967469611369,50.0,1.9237910929697744,0.6855381764233678,1
0.6921779733321379,0.6734283657922767,0.007856618264995147,0.0005266914191102447,0.06831482321009381,0
0.12126378892852846,0.5236099730470302,8.37460342631874,0.8608231673407027,2.3311483912140085,1
0.0154444934783311,8.882384635350475,0.7336060385401129,0.018919195177707335,0.14204636387322828,1
0.10249094154411822,0.00012663844245227397,0.21178805582505073,0.015076403290496157,19.083532917258292,1
10.680465311625102,0.2070240556683183,0.21411430546413607,0.1374007361968547,0.0792236273259725,0
0.42927804332716474,0.2334666337382553,2.2369692179397003,2.184849957648378,0.000350670118109903,0
0.0004941288485253232,0.0917272465408778,0.4326116821769739,46.92219076725429,0.18425491667609942,1
22.642424282828713,0.15658534710326855,0.010743227847495762,0.07021191056968143,0.0003155460601361737,0
0.015029747205935525,0.06385374222802084,0.1586626615272428,2.972794824084367,0.5877970581987388,1
0.357198087158644,3.220391469873303,50.0,0.5883654433677334,0.11225743086500155,1
0.044455655967073626,0.10633371703435686,0.031087091620630655,0.07669960112454573,2.6111331077477873,1
0.028454728469912836,0.07593531000759218,0.1319771571489869,0.5486440983905861,1.843738017798609,1
0.000688036067777339,0.019592893760314728,0.12826021022721193,0.6660053958443335,0.43507670370627316,1
0.00012863853140838676,0.14951315568408038,0.402154032492674,3.7061166856408874,1.4245624837154154,1
0.9046895474720843,0.04756772131327392,0.41692873961091287,0.4487410041118732,0.00027375954556850524,0
0.02033662492705254,0.17622531651671997,0.3127346503544959,0.20820850777242664,1.9918195286344036,1
5.768709420736186,3.7355534100074057,1.7998542966056634,0.15022802258930631,0.005464638624441812,0
50.0,0.5942584233942131,0.47535162004324333,0.07986767074312215,0.019262916287411155,0
0.0007164585422944732,0.0009851259575431872,0.20042143268354173,0.42230229374872097,50.0,1
0.16856927855783652,9.624427943040864,11.463357804240456,0.31374576797313203,0.29273548955161566,1
2.253109098970488,0.27095435152377456,1.779625652544091,0.5808960699217824,0.00011620433824417154,0
0.11147852987939452,0.15717886382641266,0.6853788915747833,0.232096922546634,30.81563602547656,1
0.0006048440144222108,0.008285155054351213,0.3166055198306427,19.292910026540323,0.46341787471575274,1
0.5366018955912519,3.246110037673225,50.0,0.5837695224386588,0.19411077188925216,1
0.096731111768863,0.0008485891189338187,0.059247780209748864,0.13128379054097694,3.03096450902939,1
0.17373052916616674,1.6727371666469397,0.1210339766810613,0.000321322253138158,0.00039753906907679374,0
0.060013722254895194,1.059632499555301,0.5742402336964028,0.011661067392093924,0.32040894482380994,1
0.0008397472680524115,0.007566407727377135,0.033472476940674185,0.7154668643183464,0.026304348733885388,1
0.21198123926159726,0.1556939348932329,0.5047049399440967,1.7977349619766774,0.14087339322149778,0
0.10866136625599337,0.05060081631430574,0.1754689746310759,0.09940092827913814,4.549872243875979,1
6.391859658716064,0.024344053030627665,0.14433740261295003,0.0580146053144531,0.02671631322088131,0
0.0010415813938754737,0.17487577409898342,0.3637268909538661,0.27156168146702037,7.575847592663686,1
50.0,0.3363555865836591,0.1940683523853951,0.002583870187441807,0.0006873767601720161,0
1.7256702070998924,5.534927016885526,0.4682594555841433,0.033635563469179695,0.0007076437829265249,0
0.04637382870882721,0.011158565162718148,0.23900396961618173,3.9650939561900356,0.1178469301743869,1
0.0007369676772002043,6.69304490113184e-05,0.07791238889080163,0.9837033914852283,0.0002480083736177783,1
0.20283668744769792,0.20898583610857258,1.7303703263302928,10.659799767105515,0.008360755677424003,0
0.00019535776720233967,1.7167286553393945e-05,0.2247409760015927,0.2245012826639711,50.0,1
0.00019370505454693467,0.13084954335598772,0.19359811870555638,0.1825763048003038,2.8163132849427797,1
1.3224636145567439,0.1224188721751153,0.605027428905228,0.44363004445447446,0.011586720350572594,0
0.4051387466723864,19.490743800467897,2.156165303592665,0.058434738368256606,0.02176770843089438,0
0.4790464718394103,2.1901840315568206,0.21253133335621796,0.0006568639148450383,0.0485484086826401,0
6.308579686894068e-05,0.07280003645408811,0.11720113496588638,0.24362553217067717,14.314497113128024,1
0.2532406936892212,50.0,0.3648524073025021,0.1065582575916532,5.5624397800349005e-05,0
0.08417484634451768,0.09164089439154406,4.261739002092758,27.82184420484478,0.23358687756760077,0
0.000446120813599853,0.32810662322535084,1.137056943223655,0.2811767237879803,6.529422878768311,1
0.0005420154856757941,0.09593617323573128,0.25032670904805376,0.414397723331045,37.863652877661174,1
3.6732562958238035,2.145536823916064,4.703642034352197,0.19673751183678145,0.11697042674172684,0
0.031636110237836385,0.051257789572063325,0.4596459092120141,3.7185267540264784,2.616252974054258,1
0.4177027777403502,5.203478940085356,0.2098660150477462,0.10313559056172798,0.08080914661266368,0
0.0057330945358693465,0.07925568795335447,0.2683810933075548,26.862425727400975,0.35818918771692226,1
0.09559689474570125,0.05830861408456315,0.06502122420728283,0.8843713236058575,0.16210159855754075,1
0.016925641420043748,0.16586920602467148,0.5593854220434838,2.243930636908153,11.257401975022342,1
1.235483323274591,0.4324093141636597,3.785033505069326,0.5828797782577988,0.05474134544298979,0
2.0658178614751943,2.4370573419243335,6.810225440504577,0.3692769552240329,0.15438989685109472,0
0.14841374257467976,1.7521188470937927,0.19784505903935115,0.021515285980688085,0.09383981143210857,0
0.0009356831128870326,0.471531114231324,0.5149377622406295,0.11358119314336158,0.7938494922598432,1
0.1605472015911527,0.4138156198292014,50.0,4.666490125284822,0.4571598748177397,0
0.08006754778787721,0.34689993684302894,9.698510817546588,4.7033967117759605,1.332919880042042,1
18.071859967269766,0.0005218713823162038,0.018246552097113067,0.000516575323023552,0.0006912053331858811,0
0.00020429126427363919,0.0008017943098628918,0.16403739364502834,0.6521213806659107,0.4241401441387286,1
1.4984982437776522,0.2937691695933658,2.3518584085707186,0.8295860563985977,0.07777353821018904,0
13.428622881969085,0.6442647045226892,0.3123890686245613,0.0005813622014552304,0.05337515842531657,0
0.23308844642493323,0.10819795925797507,0.3828474614512935,1.14563266435635,0.02970131610251954,0
0.03442950909695114,0.07469634104267477,0.378301911355393,5.305802661293686,2.3421735227326916,1
0.10889049914550253,0.039288993022297866,0.18693928576308638,2.0129914317514435,0.14995082111256736,1
0.4687539681981769,50.0,1.951851333032409,0.07148824796589645,0.16749250177805214,0
0.11277807914177582,0.18751478847681222,7.895918979510303,6.334292550518212,1.4763853559736064,1
7.161272450905023,0.24524969696084087,0.10934980236846431,0.0005877407458180164,0.06754363978062397,0
0.08458799530681843,0.5420074350724408,11.500915629514575,1.0229623827501817,1.5245136901300367,1
0.028235546644736723,0.4865252913059048,0.10355292009894526,0.10520035955460809,0.06968450569222782,0
0.04105921179280487,2.5821565658702985,1.872228502401279,0.05504674261506008,0.548305903608711,1
50.0,0.3906050174193713,0.603801776031535,0.14545955472541433,0.01059009206791941,0
0.5065815746465808,50.0,2.521074432906484,0.03245780226150152,0.13687857243723395,0
0.4322642338316712,2.65309667083968,0.14888811497893156,0.1087509538692846,0.02230143700523422,0
0.13934386543514699,0.7937201150531027,0.7130102904040541,0.04406185446378465,0.49060253997390496,1
3.1035793387659125,3.789646077553563,2.404346441048118,0.21232735861794536,0.0011544909622264801,0
0.10083502280250492,50.0,0.45297427485343594,0.0009127146110864673,0.015521078071781887,0
0.35504993919223743,50.0,0.8212136911882001,0.06979519273968476,0.0007125828872711996,0
2.7565674251832,0.489769931926765,0.15576435746357467,0.0001375985865248648,0.0007102701514258538,0
0.060436414655201574,0.06070062802775815,2.664678201590893,6.4855375056613696,2.173282950464216,1
4.726272119595139,1.9319702922857724,2.0551182143217708,0.2278031416959848,0.06797723460219901,0
0.0002034992607968067,0.6051362108059648,0.0007705461616525591,0.05220946427078747,0.025292259820754302,0
0.00018966727486329006,0.07185247799979765,0.3275906524055359,0.31495306793030997,50.0,1
0.062243965396242856,0.09867085881730792,0.23839735201090495,0.4061795627016361,50.0,1
0.02738390185528624,0.20761134751146518,0.40547929108273695,0.28987629698815226,50.0,1
0.11167349030106213,0.025559207026138342,1.5115059500345553,7.8797018714420215,3.2417368433633307,1
0.43156296705510677,0.0689752181138605,2.435783783823723,4.743396575980756,0.10639193152840948,0
0.2764622718075087,50.0,0.6431689122917049,0.013386876151393862,0.12030319448528307,0
0.007186946313900905,0.0003458616286102485,1.1575013400474634,50.0,0.4896394868315466,1
0.00040759765477341116,0.0009195430003821488,0.2360790925311749,1.176940059227206,5.803986324815652,1
6.62773589240493e-05,0.37256476560528584,2.601551512060907,0.8610485612861809,5.952516225945451,1
0.08528143808497998,2.9850387526887485,0.3219981751589376,0.0672537998815211,0.1567358596760683,1
0.0006036804463185507,0.00035093133074865423,0.18345409539858631,0.7590179043603162,0.21838205536887628,1
0.6275872425100351,0.8404758435045184,45.54464819199319,1.1918476164475256,0.0435622562030383,0
0.17168934067678362,50.0,0.6854744823990561,0.110714022145822,0.0787773221511025,0
0.07323482799601168,1.505782573610737,18.16906989443389,0.5846235166039976,0.7975194003965762,1
0.07609218646169952,26.610075622880515,3.6912653664337993,0.19612468329533975,0.12397021234710164,1
2.295543076861906,0.21531088410979227,0.11211532950614772,0.0005301884975200561,0.03348347106168389,0
0.11969803631950879,1.0908000022041457,0.12389514362054685,8.403667519158442e-06,0.0006344054461099174,0
0.055479403915883505,0.6386833475483603,0.031072156953212474,0.1129891565190296,0.06302036221599677,0
1.0539353034154557,46.087058079171996,1.0522361173286567,0.020787088824200717,0.14417539429784618,0
0.03889580912169742,0.12884193206749617,0.1998237138279773,0.8705727849403543,2.9249225644870585,1
0.6628809372725865,1.5530414039603584,46.97402022527674,0.6247450892643037,0.08937857018513265,0
7.631034873186369,0.6222451189683162,2.0594538411981835,0.2872794539710325,0.06750867703216548,0
0.0918038551896547,0.03898124689378055,0.3891863528878636,21.744244077276473,0.29832270796106247,1
0.025006782268837006,0.1105369935827675,0.5053906448883926,50.0,0.7322685563877016,1
0.0008545019797567691,0.00038977743598177884,0.1674965317051909,4.535559280754291,0.1534693683715816,1
0.3011210800182452,50.0,4.190872809925463,0.1411325261384839,0.029869670303066462,1
0.12451483703759127,50.0,1.6439210153960444,0.1326962768808292,0.07088481464634196,1
0.07525029162662458,0.0944880197816851,0.14344550285069227,1.7319325170714608,0.2177839773005767,1
0.12008571166592354,3.6030431369360745,50.0,0.39418199884379507,0.2650048768290644,1
0.15007890250326522,1.7284752085367632,50.0,0.6729859541448504,0.5645836650374081,1
27.586751080958333,1.309733982193052,0.746005298479626,0.07004048914725738,0.07960252144699598,0
0.14699349941920678,0.32667293286601534,16.327463014593217,4.991454062890685,1.0853231668970038,1
0.0006325896520831276,0.06855513683959935,0.11204726056886732,1.8902404498492702,0.05685491157192044,1
0.000910529358821755,0.0006870299058756647,0.10821548657194992,0.016295521307149674,2.8082463893091916,1
28.27726507200732,0.11752825973749838,0.12179545391439721,0.0005300635386951806,0.08626771749595083,0
0.07716697891450217,0.0006918063238568625,0.20534429985077732,2.6339163334727256,1.3089567938211022,1
50.0,0.11678417294705568,0.07700019680515172,0.0011872520859540353,0.015119777586522852,0
0.12632572622232963,0.05143370860255843,0.6617595911654142,26.79590555744012,0.24204301344876655,1
1.3665635460100714,15.641409998039315,2.2197515257946683,0.14729500596918077,0.007382625842899754,0
1.1674179560372666,1.4596662471672908,0.19564953691185047,0.0003089051529596347,0.00021386296972352082,0
0.0007507941675831845,0.12583319106625798,0.19632386503941843,0.15758051470232215,50.0,1
0.11138937666006132,0.8432543602114121,2.0734719296013497,0.25380840715276803,1.368243742585664,1
0.05254834314729644,0.03431174650206335,0.08259937293320897,0.08217910752299634,50.0,1
0.0009526186196244717,0.1777056452683164,0.39912126731936776,0.1361009020957041,45.12050237935138,1
3.130289597675727,8.076512651238604,1.94975505675427,0.04324357327897155,0.00034958094647113416,0
3.1835185147247356,1.841896527123139,5.9908173003488985,0.303915882218757,0.07354711456119854,0
0.5674273510882792,5.4022519137074765,8.511467199575739,0.25129379038024546,0.17332170776644468,1
1.6368123956397125,0.12496670034638699,1.0443640158227454,0.5454909756446201,0.0006006350272535385,0
0.32640010491920807,1.1109124600522957,0.041921410833216835,0.0006892079586425867,0.0006931866026386396,0
0.00010639778006696354,0.017909679912920314,0.3334963930487826,1.2474435805561415,3.72677243544754,1
0.00046061869177286955,0.08756288930492356,0.2866306199758957,4.011956746419568,1.1277873484826688,1
2.776239760150953,0.32283776881797616,1.7699436402509252,0.3026613242961985,0.0005469798293647027,0
0.09713312351251453,0.21764819447629838,0.26785904727912563,0.19300207142138226,11.081661709045814,1
25.250847739839468,0.592822041246028,0.255046035950356,0.0007246758182868753,0.0006500891422377037,0
0.00802085361914809,0.07068141659123484,0.16992770303594382,1.0749957810083797,0.19639393240249564,1
0.031997296083970825,0.3820547822608262,40.73810806970821,5.51424044611326,0.623122388366441,0
4.517401582690418,1.7128860657212865,3.059669562886624,0.14550157337001496,0.03226452703657498,0
0.1554671329337707,0.1542005845863921,1.317948858716217,50.0,0.1275666552905324,0
0.12084322396483711,0.1044129857599254,0.032056028516517565,2.7641721223557107,0.11123177935547396,1
0.0006549476576256928,0.04687411463576289,0.5012383045760138,50.0,0.42253384735516536,1
0.0003550841381365694,0.08358452465272809,0.36496974531841353,10.051536377492926,1.0285137170747352,1
0.10603419780740497,1.8310859210244574,0.9641459179398353,0.028498743267056634,0.2922608791111679,1
0.5521310493533947,1.2637334509696765,0.21476994681999495,0.05136282609036671,0.11119535134732994,0
0.0003378298455173663,0.00019272780751449737,0.02435818571401592,1.7352626806483185,0.08171927662719483,1
0.0006055515906909711,0.3722477481580419,4.349211606555789,0.7886224029321162,2.7197615280008995,1
0.2351997739576751,16.669871666017823,26.71879131726416,0.3751926767351207,0.12803155591460524,1
0.28891844389875876,0.37872348917968135,50.0,7.328905960532245,0.368313920018883,0
0.22818079445362313,2.79690089893474,24.39352704817203,0.46537665156646957,0.4848623523587519,1
0.00015544303881782716,0.010842441034642838,0.11725986581198294,0.348937431964906,10.952962639833078,1
0.021576540637203476,2.2871966267166504,11.891013079736753,0.34140966710757875,0.4480853436100938,1
0.4179116905214501,0.010456402223453037,0.5884120836970741,1.2784137461858478,0.05155162664448827,0
0.00014435720401695617,0.09103899949460065,0.26810383821430295,2.9807360073481823,0.8019930620340456,1
0.2030438912899726,1.3807661855130982,50.0,0.9760086114173532,0.49394565138014973,1
0.10584168640302803,5.099551203890777,0.08239837183363961,0.0007355070875037128,0.1283970650676061,0
0.01721732671956831,0.00048237079672468653,0.3081401033507111,7.652128029257745,0.10657652854618106,1
0.047707682558638345,0.05095762197527155,0.00024010548161837764,0.4490169258226607,0.1414277286705769,1
0.0386273192827863,0.2567116991981133,6.7570668169460735,2.9192103065886794,1.8513529576827827,1
0.09877515080458113,0.11801804293782651,0.9514092611861674,1.0677222033858322,33.19503509324387,1
3.8166533406691383,0.5353300459468384,0.1931367117542572,0.00029782771334991963,0.0778594551456188,0
29.69310197374918,0.21409808296592855,0.13100304683826675,0.0005439812960733436,0.0002069464608219789,0
1.949702618134519e-05,0.097161314453815,0.031504189066654004,0.08762241839028405,2.0364382263249374,1
0.0006009065035189225,0.08417948415384194,0.12203245201888699,0.17242562412095253,13.379507277090024,1
50.0,0.31537861652888854,0.27864009268212253,0.11360036471560903,0.08140252570855386,0
0.2245222158166674,4.310485466994245,4.980363412134124,0.3007417712161115,0.1534808850165023,1
50.0,0.41600890068610363,0.34333128300292076,0.018654678594662334,0.08842319851629729,0
0.005332293251375311,7.302579461222691,0.42800165747060487,0.05467519149505973,0.00031883661067695943,0
1.4234573931234342,18.64452628823927,3.915181723040473,0.14558530601587763,0.03410332853842496,0
0.06639483369227321,0.0003925690182227447,0.17201925267029872,3.598592481515757,0.1631186143786517,1
1.3350831723879881,3.0049143198060526,13.673589691691314,0.3331470608169331,0.0005895593981198803,0
50.0,0.32764313949344237,0.396877759915698,0.10781690709507241,0.0002931143132226437,0
7.493927978709803e-05,0.06070492911643813,1.0957777802096202,1.5811377884655713,9.25127410870519,1
0.24148517512459622,3.751936791105219,0.1808454799470374,0.0009887755500374573,0.05281047958384692,0
21.868425143599513,0.40925137569583664,0.23862666690594098,0.12918593224799788,0.00013423617994745996,0
0.09586599615572677,1.777683921895859,34.20196717426024,0.6674251310381658,0.6829481753335744,1
1.1340088974543836,0.9029247607191182,26.78347382294016,1.0051728662286377,0.03841986595292299,0
0.00046177790888857553,1.8702495226722344,0.22270929265042638,0.0003799082675970016,0.02353143725140333,1
0.684578428762896,50.0,1.1414813904055157,0.00044827494942876415,0.04594737908516093,0
0.0009633185119012094,0.12593109014134685,1.067419466060096,1.7961339668226575,14.948031219806667,1
0.13384134587522695,0.31547213758617587,2.156727711884482,0.4562464086506133,5.794729957044586,1
0.0007855722348763966,0.00015933991250726955,0.0959274043508836,0.33444543544993643,1.0548636282299215,1
0.00013724850767698205,0.12794340314625566,1.6985328027005384,0.7518613873580227,15.866924642314647,1
50.0,0.22901059802146634,0.21537538388023328,0.0009404647930958255,0.0918241861388954,0
0.25653024440238903,0.027435927332205942,0.5327712929575141,1.4820441914917857,0.05693293835723016,0
0.9280076767610785,3.1076317417157924,0.37530937862494596,0.0009705641499833252,0.08977512961515574,0
0.42841912935722465,16.658085358484364,2.5928288561819643,0.15404088006367472,0.004678011879352961,0
1.0143306102653564,0.1445388966011898,0.3603423592050282,0.44495385834785534,0.07552008461628923,0
0.013991377517928422,0.00027737923482770845,0.3100348197581937,34.77382286795418,0.09661192906876263,1
46.03131686377693,0.2903649980145915,0.604248918885435,0.06395862806714762,0.0009930221505041088,0
0.5521021156569816,8.365058760248829,34.759222592587996,0.35120442348799635,0.04608176552742334,1
0.07908606800164862,0.20462407350721384,1.324679103066417,4.925635433674494,2.7633543610454594,1
0.20910895648765124,0.08414691682574567,3.8002017297581054,7.4678747736559545,0.07089304277912149,0
0.05401679292189458,50.0,0.8813757849481265,0.11996307291661029,0.05153281191434233,1
0.8996338293200626,0.6491792566003103,21.688574016586497,1.0991291294845933,0.009170653654768518,0
0.0006348033341320816,0.0007745132454723128,0.18363362106652817,4.141880334792301,0.7684122631411048,1
0.0008120781803265829,0.15339931711489185,1.7196047593229125,1.5015967214279602,13.34518130084092,1
0.2572409288725957,0.5319850912706633,50.0,4.644082263806558,0.4749787565261832,0
0.07783127596362056,0.06235609232207398,0.6637293469884376,50.0,0.4746908892795255,1
0.00041617161058721497,0.42158299299384333,1.2087254087732542,0.16771808198993685,1.9161683909033984,1
0.23732972977776995,0.353177698546519,20.867660485903954,6.148508431397074,0.22774425793743042,0
0.2505346748548275,1.729936777346932,0.21000993013537148,9.198269756891076e-05,0.07020066453921424,0
7.8348955381946785,0.9477368194313718,0.27905095847548644,0.0001388847612748796,0.05862775728159796,0
0.06816106326524762,0.1488234608116845,12.05274572331914,22.012308566345727,0.334256356513671,0
11.216030431011443,1.2879791604491073,0.4111879749000505,0.056896084699049165,0.018082398255063272,0
0.3531132003121227,0.7095243514998861,50.0,3.255085117169101,0.2432719291140862,0
0.02069453563340312,1.7605795772820991,0.6758771250893177,0.09221877897441864,0.19735631278754437,1
0.01807337694557916,0.07623553411238133,0.09639269510167404,0.4403798799410403,1.0396136405306344,1
0.3874998407828677,5.716518849921933,0.28688987194966065,6.0085689376430884e-05,0.007550868584548721,0
2.0458227275952147e-05,0.0949644411569317,0.3317090524924182,0.6526557669471532,50.0,1
0.4584998171574241,50.0,1.1830851334785193,0.02576357368480027,0.13977573785636524,0
0.01731935636381758,13.764571954723486,1.2008337371182967,0.136478045099433,0.11310797492400985,1
0.6059466652322931,16.051949178170013,12.901533811853719,0.16647304675405422,0.13011994344441183,1
0.07544409946199032,0.863416110775664,35.11188951284966,1.0296740802893527,0.4716226422721261,1
0.04938917185730362,0.0007696593523837746,0.09462427545716595,0.35876937521168134,50.0,1
0.04891451803523097,0.06767311661752196,0.05284477913119481,0.765453834313292,0.14500807545998945,1
28.34422529145421,0.0972797276201535,0.12290355688829836,0.0007874679967689952,0.00035012383085279177,0
0.15859607657795283,0.8875019497840021,50.0,1.824813694282699,0.3022136283386043,1
0.0944814678278035,0.09659257001231013,0.18960727379069675,0.49691348464208085,29.994909257863522,1
3.4095133839846734,0.06089806542864688,0.048849746418751276,0.07986803543066488,0.0003700576843148321,0
0.4574970575951754,12.359649625563945,15.838294468238182,0.2084339545508915,0.11499600289690128,1
0.20794481600867362,0.24441002613051904,5.786789267259553,50.0,0.18316730042161913,0
50.0,0.3498803423155522,0.30910736247327286,0.09281855551460377,0.00023028940342820282,0
0.010322155538599262,0.7338956344203549,1.6471401502595173,0.2230389077237599,1.0594894335774763,1
0.00043685470843797915,0.0009502789667065719,0.831961181260458,50.0,0.12151034865710682,1
0.10264253295877826,7.498501741759078e-05,0.024413285892044372,0.07304730703472592,2.915458203666164,1
0.8835273076879425,50.0,1.6601191348608497,0.1086242930249965,0.03221762056131769,0
0.08233278277195279,0.49489105246537807,0.7149623499507165,0.06683151376742696,1.9752486991016978,1
8.925023579299985e-05,0.7887739793845842,0.6718476983634258,0.12978813680257492,0.7960929949511636,1
0.026471498077852793,0.000823943544478692,0.11869056084437342,0.1806079750127177,9.603375629227102,1
7.468454030089174,0.6623341331064595,2.110741854398706,0.2992305189698307,0.037993177528963154,0
0.2925744190884915,0.481398359319886,0.04796742674873018,0.0008279688493301921,0.10732403822953687,0
0.05868341123461546,0.1117582692290651,0.18890491319739378,5.140567384373097,0.553813822524782,1
0.16645372183927842,5.538686272647411,1.1771603508827466,0.10559548948731727,0.19825392761575644,1
0.05545994157910307,3.615423711571571,0.14297358034822322,0.031145632867392324,0.0005252258339208802,0
0.37904412796138043,25.79445309957741,2.731439557629833,0.053764993764916905,0.0496941089843192,0
0.17471742773610327,0.5144681743218824,0.13926003703279569,0.0004888568161900632,9.714902430464811e-05,0
0.15171095754842132,15.11761275635422,0.2909929207622145,8.727753804305549e-05,0.0007252090119546523,0
7.776269890245011,0.6006028020838483,2.0802136204798636,0.23272302776521042,0.08471267449790645,0
50.0,0.3967365220842995,0.3530888682755692,0.05468472885048582,0.0001856525064972835,0
0.1014356132777184,0.07225496013933355,0.1871938680281269,0.18796937347099288,28.467586928151935,1
0.788206517071529,24.766087002072837,0.48582429031865043,3.258649304091976e-05,0.00017872069635381537,0
0.0005489658642058032,0.1669222656986793,0.2935051425445194,0.3478581170230664,50.0,1
0.02718767535452771,0.0004654340356177931,0.03421051415680672,0.453091487044665,0.7228233362241246,1
0.12855521171269815,50.0,0.8051284109087319,0.13592584736831065,0.16790833037231534,0
0.4408176669026325,22.461260710581392,0.9411755199131764,0.09026792447365456,0.11543052996038426,0
20.7468434866192,1.0315417741574708,1.4208011998422199,0.1489608623785149,0.020407281660623874,0
0.018912423359435018,0.30638828429117515,1.4940363115363735,0.490507788595665,9.554881369939565,1
0.26071652413628327,0.2313405166077644,17.8755266992013,6.840687249920572,0.27831377670112845,0
0.845719719347378,8.631330357358493,20.544516303888194,0.23418146261819855,0.1053597694391283,1
0.10075679768179277,0.07946413095761766,0.7037177837634561,1.75077445958244,21.601633342048338,1
13.725743109244904,0.9481875359208642,1.3347227478877175,0.10814696075916158,4.8282481001152844e-05,0
0.05001516209208203,1.5557951406586217,0.16295340909821843,0.02883228941568608,0.0006316408907459872,0
0.045929112258005445,0.0006272179053287601,0.02788199159551654,0.5920556258673503,0.14521187180667333,1
2.300775957368232,5.4825405835854575,1.5399805787687724,0.061966973457072846,0.040517844518196226,0
0.44099424320492664,0.8333511529534352,0.0009790229918146729,0.0007244703167615266,0.0006004476723432741,0
0.0950580467231738,0.12324332244556671,7.663095675043464,20.647196484005537,0.9768558874694963,0
0.10368161064121675,8.523910903553955e-05,0.26976115557598684,14.747608875682799,0.18833986909150324,1
0.02884041926245188,0.09828395108976451,0.13595372513107082,0.5933766364345582,0.6466920294206564,1
0.3832341618757169,23.91997833655632,0.47662576005646695,0.11710786459363448,0.1282031341357417,0
0.00026252633580892707,0.09479546214776849,0.1710668676758187,0.9829423917329293,11.124144169149693,1
0.05194623353195893,3.6360367764317174,0.22017417880353807,0.06314280445491552,0.13474344172012576,0
0.030958530838769354,0.02959715941743576,0.028163167540544806,1.011765118676529,0.18776734195998854,1
2.3883134593419886,6.73906026829792,3.7288115374625606,0.13252346907007653,0.05140223501362297,0
0.00012306692978290124,1.279445204818852e-05,0.0379015462109908,0.05828772169514542,3.8839302278713896,1
0.7923633683693868,0.7358847079392261,24.444032884580466,1.1581718079062775,0.1957803840538292,0
0.12645587794557178,0.22410751641750198,1.2488191465196243,1.1315105465905866,6.591304161141873,1
0.004255185998538177,1.8095712184415764,0.14843847642737934,0.0006906370895729704,0.00031644094272208223,0
1.0144754312279274,2.4564603873076702,46.686180452035316,0.4458099213609002,0.08352275690543351,0
0.06318404038352374,9.096502616969215e-05,0.0007057692391760845,0.552866428182302,0.033253869631871616,1
0.6247104052764711,0.13021139369236912,1.0262289869834689,1.1515123409593089,0.11635634827473325,0
0.0008635506974259021,0.07550382435888958,0.4763647967344937,0.2973805327785741,50.0,1
0.1654401860907115,0.408615949964638,15.097067994910015,3.5948827978990274,1.4365566598536321,1
0.640962259904872,1.31823380998522,50.0,0.8841360784634168,0.1969456269680875,0
0.040286036741367284,0.13237727044392644,0.45219574605834423,44.92512087995601,0.331261539734947,1
0.0753515804217999,0.010130516377689108,0.8480986301457711,50.0,0.5163614678394304,1
2.1447808367123438,10.83086612326659,0.9011917219012575,0.1409687242195079,0.00851612212463801,0
0.027663141626393897,0.09468675528786852,0.18969844725178028,0.24443484405982074,50.0,1
0.19805658107887278,0.27719824483238675,7.029994802617841,39.24521209153804,0.2634146874518251,0
0.14613256329369212,0.022429135529896303,0.8847744206703009,50.0,0.6058837005188583,1
0.8741333632257702,0.19493727355275187,0.5065376563870696,0.3176753374536555,0.000842991326535678,0
0.0005229047544934732,4.688855138784265e-05,0.0919309756161699,1.207274201040628,0.2683579679770519,1
0.016226521982953594,0.07180664229708368,4.670083866954711,18.038760869699086,1.3580614982961563,1
0.13452672701421348,0.4534809317890882,13.799700583793317,2.4682613711293317,1.7299316101248783,1
0.1040276574544277,0.00018621279089517728,0.27320447808955206,36.37212421874538,0.29740500913748685,1
1.7223574519720073,22.392777464258582,1.342865122581907,0.07616962182200017,0.026245394849343347,0
50.0,0.399462845780851,0.5134243473323384,0.10715804374408351,0.0526565183587164,0
1.5979974367149057,6.386630191935476,4.57955265640926,0.23861002447735774,0.0696370629221769,0
0.6629097546572691,0.41141186168130406,0.049727915717981866,0.08059495415765291,0.0548946776216163,0
0.1545609248051682,4.487156179586563,0.12020450802826359,0.0005138873281848435,0.0004436275090674278,0
0.08468073626131475,24.740611149281467,2.992497833550309,0.1140658815418932,0.1876978012895496,1
7.0354442198659415,0.13522988680323308,0.3178216663957617,0.10539095754958751,0.043243726730557513,0
0.005074767788475487,0.6118875131677385,1.985996111842517,0.2656493613458643,2.756443253972611,1
0.0008972471612083639,1.2079968299535315,0.02813764845061749,0.09297589123315214,0.06893134074749499,0
0.22670526645513386,0.05161383691282416,0.3097951990866614,1.1008110051656033,0.032254814709868046,0
0.07636955728891476,0.10127584220744047,0.23614190083038625,0.5618341429165038,28.016494388303563,1
0.11632001343227175,0.02890370554249984,1.6810717087298712,50.0,0.15044346237353667,0
0.0009428189227620131,0.5735428622536632,3.033296652009832,0.31145750003722256,1.687679953308459,1
16.663556881893758,0.11465027123093861,0.23491161699899782,0.07060769986850703,0.0014158984796588635,0
0.009479127730868949,0.7590817463223912,0.5496427793313045,0.053867442593472585,0.5965934437395488,1
1.4388890394165175,0.7818134476713582,0.039170867719947086,0.06562926138714477,0.005824628380041637,0
5.425137754936137,2.249188131104076,0.3612799848303695,0.13086546393096044,0.021792956179937577,0
0.008198216876087627,0.616076920331246,1.5201713205359515,0.1942056830764192,1.962875261295191,1
0.0004350508060215468,0.618284668925796,0.7147088542374842,0.12233122443271022,1.1098942416548956,1
0.3382029120457419,0.22223442774108368,4.6487813576192,3.8497207726224527,0.1341652652185178,0
0.19565862620607735,1.8078349479083666,50.0,0.6532202664528175,0.4120482671812818,1
0.02809580498075662,0.5265290659102279,0.13747902197077833,0.0008543812296040649,0.049611154447757905,0
0.11120779495184652,13.790610821259753,0.24510574507504623,0.0009971486033280913,0.0003112923078550535,0
0.2847289226824644,0.39155262796675305,26.889593356025465,5.965599140065719,0.13621112138877348,0
0.12880636969439657,1.7885628821837487,0.08067896875125283,0.0004794515406673097,0.00036019216029569567,0
0.019480685214980684,0.5946538906039872,0.000512896012713326,0.0008120199286721067,0.0880313421650483,0
1.0278846658502128,0.6505160338310382,17.660343005554424,0.9175110391391976,0.0006709116649946135,0
0.09211294299327089,0.9292928207021347,25.684527972719625,0.7859985790818661,0.8804712494397487,1
0.00013615597083227349,0.08166006994967151,0.20376548640026862,0.04298620150512608,22.89609458553602,1
0.0005335322575655444,1.742271061620878,0.533756095351047,0.13948725269652346,0.14663948128376914,1
0.13844823059053757,0.22862002868423492,22.443833644221186,14.943863268990732,0.524886279594552,0
0.11003729341758953,0.0649786719247404,0.13814956449253527,0.10221758471453468,25.415871674029184,1
2.269942627423256,0.6209861275508175,0.2060906419652319,0.07177178921766408,0.0007730961177921798,0
0.0005558724666252681,0.3057871526787581,0.763934385712936,0.2749917316810966,5.646692422242865,1
50.0,0.5060498838016296,0.2998159824672417,0.11051133959939077,0.098219484746142,0
50.0,0.16459551400996494,0.21606278929111944,0.14026314181509072,0.03508093314225154,0
0.0005915904334919119,0.08138389105546395,0.4339991339070186,0.34720619157510507,50.0,1
5.0022545478354905,1.8539477202561172,0.32914275786587543,0.00037703182511305167,0.07783847802304668,0
0.014864827762233582,0.08455673056134308,0.09830425129825514,1.6801471615752874,0.00012236763378572292,1
50.0,0.11549914910777163,0.28890865702933743,0.15794337569475148,0.0003429044314215114,0
8.773151337190331,0.000591441553351002,0.0003393920486368927,0.0993093314225034,3.347659297709316e-05,0
0.28407249649065613,0.3578134260818938,0.1161268772321646,0.00037468392055388367,0.00013449006315551114,0
2.132896330438904,1.5380013529489684,0.30181246091397373,0.09011644317513157,0.11267946175488897,0
0.06627671211325303,0.00032758174136213403,0.3332917595301993,2.7801953299042603,1.4165252406519797,1
1.2996582127399554,0.7274724032289229,0.21334776795956817,0.11964280138239053,0.09932496591101689,0
0.00040467838398139844,0.08538272426403627,1.052185754935552,2.2352095112267105,7.566934732119919,1
0.2823237363185632,0.25651418431795747,8.164567577657117,11.049153255362665,0.10134572194670471,0
0.08249425534901084,0.2510616623613761,1.3340563402301777,1.3694451844050777,19.688856939921266,1
0.000990581507727374,2.9287444813094528,0.16785342385084479,0.1013084504071623,0.00022573733346241642,0
0.13431236954243522,0.000695660492358366,0.28812163975633487,2.462161504102067,0.013779675767328567,0
0.6468399238473784,0.8561721051392369,26.16560935681142,0.9912919724288963,0.19183625504336355,0
0.7469705069477782,50.0,1.073161764154792,0.05262122042684014,0.005475118892717339,0
0.00017107370799027667,0.11929621308485536,0.5471324784577462,0.6268580777160773,50.0,1
0.49451554082664473,4.236835821139188,32.154140866118865,0.32764362458317203,0.1588244783157667,0
0.12291931447232937,0.2912559204878275,21.837804642166184,9.34475532415401,0.3191425676049911,0
0.5543211284720229,50.0,0.6394697602507654,0.02254030082332345,0.10881559034508742,0
0.4690969622008568,0.24264247156482588,9.943886643162962,2.561072445843303,0.17786593550144897,0
0.20224537669566614,29.573265003427895,2.0012225317654257,0.058324848448357294,0.06417382544621507,1
6.356767853774037e-06,0.11588550624312355,0.13254857101867581,0.6856431638677248,0.3511913705794961,1
0.14535066004372496,0.19003980718164484,0.9769973771731826,2.881565515196805,0.08790928337167542,0
0.16416339147378436,6.554743598854309,0.22018970509415847,0.08131127101366051,0.09943222323755327,0
0.5256473557950412,28.711359342243227,0.5749250730148803,0.0332063318407248,0.00023378739635630114,0
0.059116324614396476,0.00016829953723175006,0.4066093277550979,5.854070899344636,0.7693293654637821,1
0.15595755949972623,4.335206002757022,50.0,0.4437034118343231,0.29603245614148876,1
0.03039323575593035,0.38407121494351015,1.4630152329290305,0.34212224997780033,4.450345077400119,1
0.04919569888888028,1.5592118495843796,0.09807457055961306,0.0001511386939221633,0.08663116613649033,0
0.037727943723002276,0.07017130668861002,0.6597751069614194,13.19681794750535,1.1725900543472085,1
0.11229288161280307,0.07896646615784668,0.5161129689147652,24.941541837699468,0.051903373778122264,1
0.0004912245725950222,0.0920326053770178,0.07016802456921095,0.3685830823942879,11.675121945851652,1
0.0001024833422741518,0.21407504583355424,5.115541779352196,1.6989045611124358,3.5550767603418074,1
0.04944971026192195,0.0007091931166899628,0.18380895672395586,0.8848914117372485,0.551467851751245,1
0.0005038834834491402,0.48639280730120127,0.8606009901743864,0.19715201120785364,1.4500832043253278,1
0.9574676585683046,37.046185953880965,4.019103611171799,0.07021534946497651,0.00801638349682579,0
0.0006637768340155044,0.057619205783426705,0.9156605287080657,29.009393624763973,0.4687920876590267,1
5.00374362456433,0.16864344918082702,0.16789578111866207,0.0003210108738961308,0.00018042565685485212,0
0.005242869996784409,0.1165732994024998,0.15640922706220078,0.16756067998169774,4.0165586579387105,1
0.012875460091549556,0.0004157456357759549,0.000887249326068091,0.6604470016130978,0.05153753316656752,1
0.04086256950932857,0.00012760153157627519,0.08664309242227881,1.5357922048684283,0.3146405584695339,1
0.26514981774116403,0.5670241351704737,0.0792818686711008,0.00037130419656077377,0.056758029797474206,0
0.2773038415256726,50.0,0.9463281938785753,0.02820714175646976,3.0083136480780426e-05,0
50.0,0.11657383798665649,0.21330001142185695,0.008506930039171565,0.057149090661797054,0
0.011999504709333864,0.6212091706858895,8.247902284732406,0.6701875640615379,1.3867745634690065,1
0.09699197637869753,21.76215999530121,0.5168822169617535,0.10205220924836886,0.03897309070823249,1
0.01608284681891487,0.1184431944521823,0.5845162180178116,0.3146246720735822,25.531986019034942,1
0.1954071816261428,0.14751198848963754,6.563853052702661,43.262589094755675,0.23734688260850698,0
2.0124399866394884,0.29247295370503457,1.9710322253705064,0.6895430775871917,0.11744499212676751,0
0.0009489337320622412,0.005773350729530124,0.2228180447179006,0.33083763490168694,5.169489782750845,1
0.08308907743557158,3.8442399017385496,2.4366425059065575,0.0973360028875427,0.2983466566164553,1
0.04235137265695559,0.002434788055238722,0.02034053838851397,0.6651473758211377,0.4446642952539562,1
12.905833933394545,0.35765238222365514,1.168140920690223,0.25337418253483285,0.000257307810583138,0
0.06700085454028344,1.1146699194731016,0.14382504083147013,0.0980052308637086,0.0003303398268149884,0
0.027558831974988134,1.4256255689973105,0.5488075431253091,0.0009587436353642799,0.3702500762299503,1
12.033172626903262,0.16633737609942284,0.02658377584624859,0.02820421449518416,0.08928399438424653,0
9.115344552792045,0.5038621605077699,0.12344614463706301,0.03707804068351892,0.00019538818673765247,0
12.397538082601404,0.9694549819928208,1.454918155642443,0.24043240372838243,0.08289016136442051,0
2.3190993784177887,0.09824059486442514,0.897305293074429,0.4722398162855318,0.0008702464679304033,0
0.24182926893104867,10.678858358557811,0.3411263250651343,0.10447981868738826,0.05386513192492859,0
0.31621962862951697,0.22319042464775818,3.654440289913011,8.757909082892155,0.1568842929608842,0
0.014559399202515665,0.00020872829733688258,0.13596454855163181,4.569431809473542,0.37752484993007746,1
1.3226722485042455,1.1871066130989723,8.218143980559422,0.41272345602270855,0.16780086758254192,0
8.039890094100869,0.377371037804926,1.1833606118298514,0.21150761078594474,0.0009738752170036235,0
6.806948141688095,0.32321981935262434,0.7152857731942998,0.20245007596462022,0.00022790207688078734,0
5.0049449143471094e-05,0.0007422767773747604,0.08543769350490309,0.9329233312822103,2.9188355341036174,1
2.596179438966717,1.5158639486443857,0.31940896196922447,0.02081225915747333,0.04115596541713765,0
10.674736336629422,1.844331578666275,1.9818224161516063,0.2172146571981826,0.00013964615823246852,0
0.0001242730875496363,0.08234914049293476,0.915818725449922,2.2849046859495004,8.40175985023233,1
3.7425448772325436,0.2601283781423845,0.08322948661956875,5.1417939490212784e-05,0.08244075536350125,0
0.017354659658855423,10.888777669299007,1.477214497052632,0.032314489121515855,0.1335338361197332,1
0.09561169957788473,0.006252939504055394,0.05444591877494653,1.5723141613516813,0.17315984423140146,1
0.1679454844892659,0.5892778387678954,0.021471235226495182,0.014575146090176792,0.1036373965739695,0
0.00023512529376786605,0.08071011546592356,0.6204548500465566,29.210653993487735,0.9496244622752519,1
0.0007450130230089889,0.0006294538863629225,0.45765852322084544,24.749614497655415,0.19705432181128232,1
0.0008380154041578038,4.344845405231457e-05,0.19687193944636389,1.474809358045323,2.643593393279098,1
0.08311747874346781,0.0427288577875897,0.16864386164425296,1.9486666859755548,0.14064296341001672,1
20.455947426519764,1.242257868377676,0.8021137411696377,0.14392538779156527,0.0963910278738799,0
0.20799911515312008,14.25724767442206,0.6493334941383562,0.0714633970553329,0.07459075140120718,0
0.02363567975749617,9.365028414385497,0.23234129507886297,0.09548911143880914,0.05140066782880565,0
0.06474496228836803,0.13750002379517443,0.4439677000601214,0.9035368831283214,31.141460462821296,1
4.121855449062573e-05,2.6153904599860884,0.21277726296782534,7.351170871152235e-05,0.017966485149028086,1
0.2139632568838796,3.868950924620261,0.1894201008610098,0.0017627226615211204,0.11925573740920362,0
0.00029410667502709675,0.026832038366472875,0.30007741257277004,13.034778774816072,0.1710544940128444,1
0.00038467613795148815,0.022266957232434034,0.22529359343065822,2.487398961126327,0.4927499241018413,1
21.363989111929435,0.19492386868262018,0.12275546432956902,0.06156634518498047,0.00036772573164834554,0
0.14509924934161744,1.3551928155175426,3.3727164577487345,0.32449549125931165,0.7951666484745756,1
0.0009085460252130781,0.08787351133392156,0.9951757175107631,13.812443049167054,1.5625961859728772,1
0.23533980293060897,0.35714155741168097,15.875484846872757,13.258262957804329,0.22922691471150022,0
0.39231912356495435,0.041911959228446274,0.7013690106060371,1.9462759420573876,0.0008009079359029812,0
0.00032836568402382316,0.04855417194476138,0.03198851730805091,0.17622136014519957,7.791514067299152,1
0.02898588675559903,0.060126879696426286,0.000627801041886771,0.7882188960067179,0.2612460872521436,1
0.11258031913830104,0.30443634607516395,0.366304266981578,0.12439395421942942,2.5026464002725035,1
0.04029696693178502,0.15336707547878545,0.3119219465567835,0.08299266003583614,1.7406176523014512,1
0.0173017864392393,0.12663291713000943,0.2887225636959648,1.6518550942633758,1.2941089500234246,1
0.09009803050028631,1.3425039741342866,0.012659980829734852,0.00017894408326535094,0.00018661031156981346,0
1.7004366603055738,4.349633152036529,9.762977479763398,0.2779531595357421,0.0009301003456041392,0
0.5910657068254779,0.31901300807818245,2.9476321993106254,1.8044461191589116,0.1655647016266814,0
0.09944911137805718,0.06255563755838806,0.23143230667156656,1.178058004207595,2.114178566196698,1
0.3699551832054233,0.15083741478540708,0.9555647081533829,1.1356906990273525,0.06919908685528342,0
0.12265490120083655,0.5424541886424327,3.2271687279162893,0.6120599232707585,2.4776236265436404,1
0.4751564537331198,0.18244840207716942,1.30417118342715,1.4169113016435646,0.10142321969751689,0
0.030842577595068244,0.08647988987510274,0.0006693437896986374,1.0001215910519834,0.06305405667241637,1
0.23642474634633776,4.90360386347162,0.07529823469310784,0.0720769341711547,0.06721724398480267,0
0.5001875115427462,50.0,0.7596453321278207,0.08334537627515891,0.058624061456807076,0
4.006726691405346,4.851139569910196,2.360014070121934,0.14534962729999568,0.014463327448403854,0
0.4698766037357726,1.0083092527022464,0.14419867794389202,0.08050767523161348,0.0003345464263073984,0
0.6156140963891865,2.400916621522405,0.17674608537644998,0.0004901010416373419,0.08512853099700037,0
0.0004214640338997443,0.0006463209071677601,0.21268448520431066,9.776481957749775,0.3332483493578496,1
0.1387049829127014,0.11511285231084428,0.24950058480705734,3.472281353103762,0.15746668434781985,1
0.40557241648889614,0.19256291853661692,0.6341000063282277,1.2935746440672147,0.016187674571476143,0
0.6785818343074856,0.5199772745695822,8.142815346383435,1.1508952675727293,0.019766436648562757,0
0.21360639274497362,3.706281297117008,50.0,0.40702562415836674,0.2255821148380822,1
0.002179098866475028,0.029922697056507026,0.2812868702378121,3.7165644832369398,1.233909756934314,1
0.6938496210732011,0.15560533661150017,0.6263709000144028,0.6659244559299659,0.0002295085166939126,0
0.44437932031047644,50.0,4.95851977810502,0.12345852675040878,0.00011218500922317188,1
2.9202932344806802,0.15216152450550638,0.030556491927060194,0.052930052606673494,0.04196369938022983,0
0.06640433855357836,0.00029849851643872595,0.05844521698015786,0.7143288358382089,0.23029213288621053,1
0.07572162284610184,0.059058181210837266,0.10533506217876593,0.15629410883415157,5.881260153483261,1
0.00024776794989580256,2.1923529946206117,0.876376899066029,0.11054215215311665,0.14564813677712785,1
0.07330294521282754,4.7185756563211225e-05,0.036357240341862024,0.265614568327148,2.7800641610754866,1
50.0,0.4146683609966171,0.4500467605155992,0.17668459990740565,0.000865908520808982,0
1.6137957893557677,2.228470354502159,10.420613879945224,0.43198821545489696,0.10960482343000286,0
0.09098021081280024,0.06711992423407051,0.22226274309463634,1.6465367072903823,1.4409824920261525,1
0.31864136913478747,1.757368335721318,0.10235987240257514,0.006790533011328341,0.05427165404572731,0
29.218612336459813,0.8647068482004622,0.4030275921959089,0.0004428765772861998,0.00037152957567400467,0
1.6787372628648436,0.3080374016192232,0.10241502354619841,0.05275305621616179,0.000893527709552938,0
0.5047313295602739,0.3024128041449997,10.941632404620355,3.3633002601905813,0.03511586372742438,0
1.0855021629953103,28.259194293542954,1.5811322723567454,0.061724959138488765,0.06519285240321789,0
0.04151732842045714,0.10119396761017638,0.05057880650848823,0.5521082768589349,0.13761395319406117,1
0.019363889952499994,0.09661927761506339,0.0036378767869949535,0.017339835084318786,19.44593885580205,1
32.60889909732741,0.3663541113305024,0.19044642388359262,0.00018878911277319367,0.06384405036267808,0
1.776412232052717,0.09689129180547898,0.9256877038517043,0.5145855738948513,0.07064891744694632,0
0.00045250349861780036,0.007431629346318358,0.28341212338011157,0.08662606764063238,50.0,1
0.12417482793578948,26.03610013519811,0.5853353710489118,0.09997382200393488,0.1223537029395421,0
1.6105029162376634,0.00020046556409260464,0.06153935004065083,4.952653577838706e-05,0.0030449141617996827,0
0.020338510469457304,0.21614951375962438,0.8701649761133389,0.5117338464519545,38.73235288052373,1
0.034699286323833255,0.5617630038357176,1.323739657649259,0.18572850833819698,2.645952239062304,1
0.07300056587792057,0.00012181973953927595,0.34939712634142944,42.53408087815096,0.15454677298585875,1
0.06218639743831114,0.3649781440299044,2.018797502641251,0.5481229647464251,10.017483188630866,1
5.1676918868843895,0.260465767876574,0.01671771399613385,0.0005137534423534045,0.0005761864556289954,0
0.07347265486954946,0.0004947367765284925,0.16393874781626122,1.2408266772725587,0.09170549891706781,1
0.13002587761300632,3.3406964909595826e-05,0.388040015753726,50.0,0.13288762130116571,1
0.2339973598566255,4.2115603901277145,0.23549686749793905,0.10987272030232545,0.0007778744736594486,0
0.04444170055393206,0.0013031180879962412,0.0002436270221533644,0.46924456418018434,0.26536078366774485,1
2.6259631203652885,0.19142107391200813,0.8901572731237357,0.40677686471147667,0.07079664049822082,0
0.07951156568396245,0.13748881211903805,2.046735496945181,33.91632143362267,1.1684811244586228,1
1.5106767356507877,1.4377376363399028,16.735297538855974,0.495618429892844,0.09983406299543529,0
0.13817447502621244,0.15461788905028734,0.5366712192454969,3.149192863102397,0.09941512189234802,0
5.655269928988568,0.04496847703072559,0.00019418966410223793,4.047491000854053e-05,0.06565388413965728,0
39.63503116320574,1.0653276581024447,0.4363960040365893,0.17782015518930705,0.04629519681892444,0
0.057697972716441406,0.06154469909657727,0.23412035012141585,0.15959521575785457,50.0,1
0.14457861319027587,0.07524090681709376,0.4939719726244378,2.98572082850066,0.01975170881199785,0
0.0665980879030637,0.8321884867776208,0.09345275286346147,0.07882888126225837,0.020130760951692583,0
0.074433618346054,0.09199219125824995,0.4387510430991988,3.9033880417105005,0.03730354524465117,0
3.441309777839246,2.4447269289143465,0.9949117877489395,0.02730308687852863,0.000493059892213421,0
0.0008041594224460637,0.0825309897598222,0.9655298491564186,4.04692467557163,5.152131816102963,1
0.2284424610276885,0.05704843160930416,2.7968703257445786,10.025276862065956,0.09477929388960132,0
0.27680064861963705,0.5711435714449603,50.0,2.4417992119517065,0.3807947962815331,0
0.00011984664239467347,3.2981442964577354,0.5360278555376902,0.00010098527665016156,0.14763986477833052,1
0.7817765144707959,0.1489255847982095,1.4273452634754449,1.105819520756848,0.00023831829516787962,0
36.793997574222665,0.18648965532729925,0.4016173046798889,0.07419408106306337,0.06519893846221073,0
0.0009959283073896206,0.08703118413815245,0.49693510692698206,24.04672674476292,0.5815207400131492,1
0.04454548144252717,0.0044582385652074535,0.7992873930017376,2.022944652364064,7.904834115316132,1
0.228983986593182,2.3869385692160954,50.0,0.7841936678406453,0.22681396618505392,1
0.44941937088944034,50.0,1.6768625888802904,0.03739629310071365,0.0004018673057285899,0
0.10758546523504559,50.0,0.8209715291342528,0.07326159871358888,0.07543136289183691,0
0.03504860602391911,0.03924556751137864,2.39319319224805,21.955407994031642,0.7087145436998045,1
3.487690938522907,0.1972548053548625,0.15816821912354523,0.10068477010786708,0.0005863580983089258,0
4.7907475745340955,4.240902029733043,0.7145627476516876,0.15843117568037507,0.02979352491110779,0
12.457393215104915,0.43436466660026946,0.07034554837516759,0.057545837854255294,0.000905046832997448,0
0.0002610729823317504,0.000815227804708387,0.14958753858251556,0.20400777689977379,35.29442252013267,1
0.041970752157881284,0.0008229093534865406,0.13967488693958774,0.15860481816503488,18.736999719076422,1
0.11456603772994198,0.07156382377969983,0.315332998877553,0.8769423803036758,24.765352174137774,1
26.98294741988793,0.2619233641850643,0.3778215899957805,0.09103846328507506,0.0005024508637604696,0
0.11955059477355338,1.6269347706138373,1.0478374132225206,0.2075860263483558,0.5537918921751425,1
0.10106769658510488,0.35296835606592036,0.6982873197643834,0.18549602279747057,1.6051973047704833,1
45.718045689828635,0.09991450653355263,0.14139546291898664,0.00024792206957292194,0.00035115510851555176,0
1.2851898241686954,0.3575910276936545,6.0326713529068705,0.9272790718163822,0.0008027911653525327,0
0.1024275266199448,3.405191246740604,0.2897253207194769,0.09410386596895172,0.04540128607863941,1
7.677108699680524e-06,0.08860020576350615,0.23018842446881,0.11921895499771343,50.0,1
1.4012680124603203,3.276154520444791,0.24190666073733225,0.11951468416730572,0.07235837249429304,0
0.24427419689278457,50.0,4.848161555588759,0.05944863460951738,0.13196639742408814,1
0.05001926920003608,0.09801260891341021,0.033464122815809905,0.2834163594516471,4.932897684050423,1
0.019735902962659087,0.06342684629768466,0.21794069956471088,10.562968436591015,0.19387855550032962,1
0.0003131605377035551,0.0004869675780355247,0.16251656698905065,0.1957567086715776,5.76959466990852,1
0.6512501370261411,1.1271780722541103,0.08991499063339489,0.00032491265530258196,0.00022100963391512185,0
0.1145575596195843,0.07716503321161895,0.7763846771615426,50.0,0.3250160164632606,1
0.0006614216359052889,0.24432956430405195,1.7917759626537721,2.539953280620652,8.477968206261725,1
0.14167368128620464,3.0758977731914716,0.18028567264538606,0.059397348034942656,0.0007805522969408237,0
0.29895521551116444,3.205916102078433,0.2306042962256055,0.0008347091963160434,0.1063311399007362,0
0.0009871981780487473,0.020786134672128163,0.11225269226578842,0.2151913039073901,5.511809576939802,1
50.0,0.1615691309606097,0.2781216599084184,0.04060109514987659,0.0006440367798882246,0
1.6919354200763805,12.65328225323578,3.208663354791954,0.10703062589865807,0.02646611828279164,0
0.0397288277512427,0.0655755521566606,0.03446586643726628,1.2578697129416956,0.053378619328631166,1
0.03350466804368919,0.9977816178900512,0.9844517018976143,0.09468235497987049,0.9258621766353486,1
3.9024470804915463,5.679442627538419,0.7948788369703282,0.09992363893471126,0.05822761129553951,0
0.11605931045634207,0.12300062543643174,0.20316553196103967,1.6838655970342744,2.3674786922858084,1
0.013980326502787965,0.136527383569016,0.18768859927560058,0.3020637654565821,50.0,1
2.8012959811526152,0.0005135647067165669,0.1419603166622227,0.0008303085922080895,0.06513673149812596,0
0.18734093398092933,0.38767477564691954,0.06998382560434026,0.0006362919071035493,0.10339805425786425,0
0.0006780167609436985,0.03241274538307408,0.3386208489404064,3.1054694420621467,0.1093895907132932,1
0.05563663164218213,0.3562828345685209,0.621088139543995,0.21766641362426642,4.263200834803982,1
0.23057027024300214,2.2633428355866245,50.0,0.6784104752249719,0.3383606155267922,1
0.07524762921536185,0.0009207577090770938,0.11312543293766124,2.244326074114037,0.2816803875981668,1
0.03768559962237713,0.8726292940930361,2.689156882046998,0.2307635712212604,1.0197627123082877,1
0.05855748616648651,0.15506195904298453,0.28604828811676347,0.22624232105456826,50.0,1
1.034595961656831,0.045426741591892986,0.5246462608488667,0.3838775291778615,0.06021922446623765,0
0.02382517987398332,0.04614087199202594,0.051476725468197454,0.26018989752432187,32.025588895208266,1
0.0966571557994321,0.08153432142905992,0.42718240918234507,4.151881216050924,0.031693950158488304,1
0.0015814978680372127,1.7215228163530274,2.8102849647865655,0.24922551239658194,0.6483351315137299,1
0.07829689085440189,0.5684181251738105,50.0,3.9525322344552123,0.590820989356382,0
50.0,0.34185689416989173,0.3125334066966774,0.1770548651802892,0.09325632053256586,0
2.486662116252132,0.29031155931779346,1.7183905136194488,0.44570741942768255,0.12731819886449075,0
0.11448591233439784,0.09307428298430984,0.7007042664980073,5.5705068741388875,2.9084965093538693,1
0.1689060562124695,0.4312665898920195,31.161431084509253,7.691740323808545,0.7031290082136105,0
0.0006515167849447053,0.07169849682341821,0.3743811122929124,0.12761221060751518,5.228638864586643,1
0.7868675357334759,0.3178594656410092,2.310101695414354,0.9776176217265714,0.056170267070957396,0
0.032652798982051395,7.4176878226402545,1.5177152551673887,0.1674097562412591,0.13702336708686264,1
0.4169473708121712,0.770098573215122,0.015172446675872031,0.05063870271785342,0.1057850800928104,0
0.10850694085243122,0.16304690912924485,0.30161537042915304,0.08178541942498663,2.1019326998368624,1
0.36742254689067916,20.85470380781999,18.38199702018653,0.2521428538380456,0.045968517601548936,1
0.0005568149653619743,9.269614202216559e-05,0.018656011376888368,0.052574284101365415,7.027161775307168,1
0.01927493877434532,0.0007126578150598779,0.055333130817435114,0.9401312698353327,0.13342271084564866,1
4.021200683852403,0.5336617683692995,2.0706643005419396,0.46351356157780366,0.044522172443931585,0
0.4135475947072092,0.18897028904404778,4.913356892406341,2.7852073827356834,0.17656788815604135,0
0.0004072733789768589,0.01097372696270802,0.024283589676322243,0.126462313096616,46.934528783436804,1
0.0006469384090551898,0.0006383050418129548,0.03658160004200807,2.5369471716238454,0.16281393376423586,1
1.1405470047572333,0.09365853898751358,0.6155743382941324,0.583806169268125,0.09929032869547139,0
19.48503930823572,0.23974136090756176,0.09334501726631009,0.048071101831920565,0.059161159313858874,0
2.027988686665501,0.02282417903350585,0.08847818409560183,0.10666296188508351,0.0007385344333881742,0
0.12204187180320238,0.16549923756501939,0.5535045618410428,0.21771219095737396,10.372104917652106,1
0.11671253036649172,0.14608360472273407,0.47016597965137735,3.6874152301395533,4.373833506622049,1
1.9722707843702272,4.574810211861491,0.5211706334746633,0.07873914211740785,0.019010338946080167,0
0.8102247817329695,0.8006400552565124,0.14297227739697507,0.000457704871335213,0.08487416354106667,0
0.07913869061152179,0.0007526073589964608,0.05916373229556399,0.18451637895903614,10.678784684365656,1
0.14098261278238594,8.589003024162382,0.25674707710833716,0.0005697344657590593,0.09867654677674992,0
48.82722897328992,0.35664594393929594,0.46095341511355997,0.06627048541509074,0.0593390698987075,0
0.0008717607472005673,0.18743321175761762,1.0306038020398476,1.8704046628102602,4.85837646874864,1
0.0775006319322095,0.13060123314900257,0.3946174921992262,0.705917036637304,38.492859951678945,1
0.07301199496508595,1.2338488164288905,15.848366093438337,0.5580536992691177,0.796526087157928,1
0.09024149800312323,4.789499574316847e-05,0.6981265349098729,50.0,0.17251039651283712,1
0.004897006577832569,0.36603796239444836,4.331193001705674,1.0919927043270246,4.219474389338998,1
0.5300834714761273,5.694963602528571,0.3789796290927172,0.0005102156809978739,0.0009772179556598792,0
0.07783920487520357,0.058626122746499774,0.011416792991061471,0.21923140592345702,3.9036481328783452,1
1.193540914876629,0.3252322837364086,6.191178893037128,1.1218540060143602,0.14850386250769143,0
0.31420435386180756,50.0,0.4074938033325465,0.08916940598393097,0.12064823967252819,0
0.08769393621309407,0.000482900986395041,0.1912965742910922,0.05587250686851908,33.99812086450988,1
0.013585805501001566,0.586957372200346,1.1785871918861723,0.2391496905614991,1.7728411805844055,1
0.11846862458568147,0.16949410645653293,5.177198579912387,50.0,0.33088930715278103,0
0.13540297308207921,0.1416731315789372,2.2191293151033875,4.40707951404517,4.5180326457600195,1
0.04649476329452312,0.14758771539901086,5.266607896033424,50.0,0.18579393169855152,0
0.05394009085063137,0.33036903095519043,0.8681645456432399,0.23171691228506813,6.360440644429727,1
0.13957778240133725,1.16715975166344,0.1972510171888307,0.00017509298856426114,0.05620685827819995,0
0.9596882506113054,8.358555883090132,4.8767917599598825,0.2389393202929188,0.06780094966601641,1
0.03312441421234301,1.0384204555767291,11.723251727837553,0.46717292162653296,0.8698477328669802,1
50.0,0.7015736188398979,0.7560746102490671,0.15648431476874694,0.0002144317345510628,0
0.025531090971491314,0.08907236251496131,0.4705158821140005,12.545170714670867,1.1137370667269166,1
0.35393773146939655,11.339829118322902,5.6394134485458345,0.18944317647921904,0.1119963908593275,1
0.1044947606478703,1.0300665240665206,0.15062426636569837,0.03971406222980455,0.022184762731978516,0
35.51292699494106,0.5588171999286167,0.5022348340246218,0.08178419517465418,0.06904822461816532,0
0.1753383296615468,0.20132992574935435,15.15680625624914,12.705629965002032,0.30946915616487575,0
0.22979009980625914,0.3720910744789118,21.755441522020625,5.927330585704441,0.23320349566081583,0
0.30985435296046976,5.455555104824452,11.67063955967984,0.19011136788824215,0.16465510206283532,1
0.07230364841675949,0.023873213262562466,0.12830335073867077,1.547033860265578,0.050740052082568946,1
0.00015080437977815244,0.09255853031123186,0.10651156911063273,0.2839538715158677,17.909511577753733,1
0.012291919226619097,13.614511434103308,0.5664023273402884,0.1509236449594547,0.1955537190800749,1
0.00033159013652249246,0.13342152735737003,1.0786053054749847,12.359252103427432,1.9488263625969608,1
0.000527238974494434,3.1983220484147243,0.5076945578177015,0.12837442704475893,0.0630278658060045,1
0.6035966790340735,4.854083052140162,0.3819543655552454,0.08400271624735833,0.05427170320676035,0
0.090876126075186,0.132131549673842,0.1894670189053592,0.5739315334762406,8.076082639681017,1
0.7616341770371067,18.84104434948244,0.3831380867890094,0.059617886579468794,0.0561554153858971,0
50.0,0.09909118677289455,0.2485112438750657,0.18360682720615018,0.0003361547260077209,0
0.10597466177609499,0.1042702294051906,0.20166296376711912,0.4085771474893216,50.0,1
50.0,0.44538902590093477,0.15374540254077756,0.12285041219374275,0.056931822325910424,0
0.00024216550516361224,0.040581529285238796,0.25977759564322545,1.0470148415946121,5.1821834801319895,1
0.00013444123160086485,0.3250879597363434,0.535968318382534,0.21033568789500873,2.260136849512398,1
0.034465362599414906,2.6747459632107433,2.863405236859995,0.1888456433733642,0.392574231679163,1
0.0009631890235373988,0.15307385700875858,2.181297199477107,2.5290413530765252,6.5462071514650475,1
0.43873981860500766,35.91589313232311,0.5163710148287516,0.016379102485808275,0.04604282846647326,0
0.10187505297905318,0.24608433609142338,2.890320739101448,2.3541297084613415,3.178127287085546,1
0.09227453603126132,0.09500883516308406,0.13922715358940624,1.8957165913552105,1.3019678256678489,1
0.22939468346706615,0.130685441387673,2.8527388997643346,4.119003009023741,0.21119089029138896,0
0.9613004478221735,0.219716041104388,0.9160609657537413,0.4960504757292675,0.10435568761445654,0
0.09132159881296506,0.06159270766762446,0.7016304450474792,6.685318308688114,1.2425407394771513,1
0.04576272010881609,0.1366205642251066,5.550414719443365,16.912353666361078,1.0566521678510998,0
0.3189130231120427,0.016455445735422423,0.31734132760163564,1.098291031473025,0.08597769568093845,0
13.715841094092427,0.5876792037412385,1.6741476678116842,0.24304822038658647,0.00010689958858475358,0
50.0,0.274164385578621,0.11147698853170304,0.10241730380237837,0.004139005073785262,0
0.1554503150683501,4.3482982627800775,6.100226358260663,0.16904068376995623,0.25979488794194794,1
0.041555784174033626,0.32487615506517986,2.7168748107658374,1.1528326515166634,4.4072439608479,1
0.15637810860140286,1.0935877372959213,0.05245789188175315,0.0009223650364583762,0.06872845829230478,0
0.8467233339590674,1.0619287311580237,20.386635355820474,0.6627582391697715,0.07252586720883492,0
0.20213693183359896,6.090680438442891,0.21588860697445827,0.062234285205779935,0.0007767794213256678,0
0.021028328214305926,0.0668812834303313,0.1450087111794451,0.06728513669231016,40.98485317520899,1
0.13679566031477833,0.000849802527926695,0.3154616213744086,9.460547343667816,0.07876463072900011,1
0.0002742830658266201,8.248595883115329e-05,0.14330785261940798,0.5267923080163511,0.6893077108260166,1
3.712473490970734,0.2821045122636392,0.13828056093718624,0.0003982673873200761,0.10104289254225808,0
1.8524521196409962,0.21493416556379094,1.331000291031236,0.6768898417380116,0.13648036020698207,0
6.289992558339005,0.4856840356699723,0.1224219507931729,0.0052337138356542065,0.0003453082503238615,0
0.10570041019478024,2.0901692626468348e-05,0.3346897751320189,7.604898511501616,0.17578580944376945,1
0.0070855360421021585,1.6765707825009946,0.19423977137427131,0.031884350230672126,0.07419585764107707,0
0.16273189214483547,0.9198281280418155,0.1068509242530086,0.011336905446735195,0.0007844959224731825,0
0.06292213001034797,26.650848394604232,2.305805783532251,0.18825260039188996,0.16484290929430204,1
0.0846865375463262,3.4220217485344038,0.1721307964710694,0.014095144674679906,0.04568950891097344,0
2.9740804468245945,1.486949967855168,4.292376751950862,0.23788572475953196,0.11988617606943262,0
0.08166202615865537,0.06492625168852598,2.0093368682118724,50.0,0.12301213974896864,0
1.2119574047035089,2.7164135381520014,11.328988839924403,0.3133040967736833,0.0534200382693154,0
1.201178900130671,31.98640968972059,0.791838321192603,0.08672346639217254,0.07938389356780104,0
0.06521005502759647,0.13498950074285476,0.3612057519373307,10.885032434287458,0.17137440967982795,1
23.66237076681355,0.7689481342799802,0.19692250173272635,0.11698047217562439,0.06786725153554779,0
3.622421549475765,0.022072379823217872,0.0003419486263709104,0.0393176300159134,0.07674968374207063,0
0.1070725631167911,0.1970558253909386,0.2411543072843125,0.16516993214777606,50.0,1
0.0603551965519794,0.022947118714245554,0.14441734851236715,0.27352514638551356,10.312081473847318,1
7.921237716813542,1.1474652289779916,2.527069842188787,0.25444554904998606,0.00013045721744456428,0
1.7950699873030185,0.6771419666421874,7.481462284783257,0.7109932105755103,0.13274879543766993,0
0.42294221689675177,2.5955477841196437,50.0,0.4775670462951379,0.06463397907604981,1
0.01771192477107256,0.483208126454205,0.5380372796662047,0.08655227821425757,0.8091759312094695,1
0.48952753115354525,19.579316127379528,5.455854243678463,0.13093015613389725,0.0008842409147646277,1
0.05679966642364991,16.175051730416374,0.40468488878356956,0.03623100206624784,0.005250936659082259,0
1.168157034924859,0.8183694392534059,0.04430955934872996,0.11230798807556423,0.0009936643687011469,0
0.0004017590025121569,0.000498956006217882,0.21513389690706544,2.8618787032892903,0.1412714958483607,1
0.25015509197481944,0.11865595014121967,5.256227734242402,5.674218251400164,0.12413949863571914,0
25.93110284430016,0.4744356479516295,1.0101043643667558,0.16425226503861964,0.04363977861434046,0
50.0,0.2610053830979245,0.5931394581604927,0.245730077555394,0.11492664414268598,0
0.26129232236104527,0.45755143575411705,0.022479185006070004,1.2911268901346196e-05,0.0009121828449370446,0
2.274385935125963,5.920155906792716,1.4192597311057786,0.10049862430287118,0.07437064343178804,0
50.0,0.4377993561104735,0.22870382940117304,0.0005791232280651579,0.0007747944354710778,0
0.3822992692321711,0.1346578411156768,0.46625296959923485,0.7071386738049621,0.01858667744896262,0
0.10831264089105623,0.1127663164587715,1.8589719535010683,50.0,0.2257647407233337,1
0.08478746073652504,0.032095797704075446,0.5148879544151116,2.7698475063466916,0.10606718713867501,0
23.21256318827336,1.0756003836678207,1.2889890822250183,0.11750900683188456,0.00035789036265307806,0
0.00010067972754243259,0.25342052416857674,0.6839957257625512,0.30564507821902065,42.56709255485088,1
11.403850106171271,0.3105478802443305,0.06214286193061595,0.00014761259182859677,0.06880292705764864,0
0.13882771944607947,0.15850219851511457,2.6639441542990863,50.0,0.4803547066174193,1
13.680813552466757,0.9389895483657325,1.3066667278444029,0.16328125082939315,0.0011710502580666374,0
0.25696962261062095,2.1691104086756363,50.0,0.6203930662910827,0.29742920948115004,1
0.009485946696477086,0.0009966413253191587,0.14315025012403076,2.8569012752115217,0.08136851961875285,1
0.14437878075394725,0.03406810982994862,2.0556438499053504,50.0,0.2651154505276881,1
0.11237995442574145,0.10076741292568181,0.04777171355174489,0.24981928007502469,43.285419283926956,1
0.29010421421731114,0.19070123358082322,1.2971347491769063,2.1503365171934483,0.17258904032290961,0
0.2878018430124632,0.15807388187576762,0.48478611472632765,1.408461119505482,0.1304137994874089,0
0.013579638652338272,0.00018582600127226535,0.22280624475096725,4.2854972366600315,0.16307407336242374,1
0.357039472482594,0.19900419352652332,16.093108851633726,6.9087896877857435,0.1036588008395417,0
0.15845451974287955,0.03155705381677707,0.7554987673537902,50.0,0.24191635185197152,1
0.022202651698271902,3.4571862798714137,0.12975037362603778,0.09191370221135929,0.00021483479025303275,0
1.245854998887228,0.14068020019167582,2.336208047078143,0.9576438603837953,0.1296006379526326,0
0.06920919556238615,0.0006039467596797105,0.6533132004758307,40.83923128097613,0.6910090731049896,1
0.08608669922132778,0.07331266004398328,0.015233932877015487,0.11991167806571577,10.25593426123191,1
0.15504007980833112,39.14612619617663,6.9721232941662326,0.09662143732113562,0.20730108087668697,1
0.00035231882788408123,0.14956418287617435,3.5492356948370873,5.4536792349207115,2.1473728282659077,1
0.09063457709954915,0.07141753384783492,0.22122373890115232,1.2298581668501947,8.991301088730188,1
0.08960911767599339,0.047900658549969596,0.37411191130672133,4.771505290459397,1.593625518169689,1
0.0008415751350765293,0.11164761600114506,0.07901266303825369,0.7503973414802894,0.1388513943811829,1
0.0005589668189478682,0.0003144587219739243,0.18016820785572257,1.905147095754281,0.16759507586509614,1
1.8436483884069377,4.960906284252233,4.0864099796047135,0.141795965082412,0.00035182702055650206,0
50.0,0.24927253027746896,0.1656282744145663,0.007090100249765828,0.10155983871739041,0
0.15755586838116534,1.7285106874066862,0.15527717147436465,0.06644754471285944,0.000985439607571483,0
0.06530693530248789,0.04967800919463941,1.0219770568802995,34.2691189883432,1.2485795224628689,1
50.0,0.16929126643057127,0.12986687590089285,0.0005620957715980993,0.0009080497797744828,0
0.20302417202000292,0.25841213132924024,4.0408573072531615,14.177791026627537,0.06009122124139567,0
13.118907071412444,0.0941297278920436,0.4504034762670597,0.21887699823674528,0.010099402789506693,0
10.700097153229235,1.138672977153206,0.6009135795386866,0.034363047334537045,0.026163229965369218,0
0.16275606301866413,19.29440627657279,1.131896946882124,0.07165615831964985,0.16527791515072277,1
0.18499402196116266,0.0003110057797593795,0.2364946279851817,3.1652262648845055,0.0005596525392610131,0
6.3892505500102255,0.20627935614451667,0.00016140038014961032,0.0009301326962204602,0.0008698870436021973,0
2.3668729405621973,0.16645177487754848,1.0322325476453753,0.41267513124024313,0.0007007103459377181,0
0.05594479208894648,0.10209409853126462,2.0983600983122552,15.634256404232985,0.5187358932812073,1
0.6238163656043507,1.1842978906191968,32.03712142686424,0.7045553725379706,0.15118802337006487,0
0.0007632069221539138,0.03581220808296579,0.1316510611953665,0.13298068705716976,50.0,1
0.12020417809824929,0.019925623554584847,0.18955750744073435,9.41249133894621,0.109522046211004,1
0.1258650317575012,0.9969341380212523,0.000249510395852104,0.07360513448037548,0.03310720068424686,0
0.2430778351691767,14.158373039491355,0.26342720042097445,0.0005244996642220775,0.00021665762354121322,0
0.0004944050418908948,0.1394364449981261,2.241715508759586,1.3077198868552675,10.5571774773182,1
3.4209516886707387,0.21288799813969816,1.095211665244562,0.31133107871791427,0.00024091104248822215,0
0.3388587831173893,6.683692915070947,0.2443610918195654,0.0009845888405095977,0.0009245123593762388,0
0.27166848509424074,0.457019728001872,20.829578539705423,3.9366661216655428,0.22728417026924913,0
0.1660549406306145,2.425807576263619,3.8897221918740574,0.32215651719301996,0.38849094291697983,1
0.000875465099026258,0.10270904207207474,0.20883424991637484,2.2858249258843135,0.19578182897702542,1
0.11761873300102679,0.13008944990843113,0.36828445397976345,0.6887128563283837,50.0,1
1.3248724187389787,1.3030932723730109,13.16165108284899,0.4673421132504826,0.10688017503088294,0
0.550461085627336,50.0,8.650120844041991,0.13397396074795265,0.0913174653139036,1
0.2427661762668567,0.9325937133492492,0.030661370520885203,0.04581092490940099,0.010550601344616052,0
0.23405071209637487,7.267501864740034,49.889941213623196,0.28415134672007003,0.32115235209203624,1
0.0994536498168566,0.16853193783496614,0.3982981776214066,0.09993692315465037,4.585639359183547,1
0.07235831279757744,0.05669041447029451,0.32866189118829064,0.22817545037862946,15.913711556203934,1
0.16585113221843792,0.9930519778244609,15.006038773124,0.7318240056580841,1.0043051130428575,1
0.011522531948951024,0.10266697467519366,0.4423685315999419,0.6466233671824697,50.0,1
1.15467639100893,0.08471684448848736,1.071367688767371,0.7516449311853862,0.054778944103152885,0
0.06387920735356371,0.07628562613545721,0.3736526260958279,27.82775032638127,0.20129252187077018,1
0.07869691445075808,0.01553574108960655,0.22569364227029115,4.232854262890338,0.4907573468114149,1
0.22784424662614422,50.0,0.767448857541501,0.06749355841990083,0.07577196343857753,0
0.013369872482373424,14.164817054740952,0.9047486911047761,0.09033350387603378,0.1627300571690575,1
0.19314852046387423,0.18875334120561832,13.161886396729168,18.1547756695281,0.28069514314848587,0
0.061789526185026165,0.41937415590650085,3.193613352261507,0.6664322043367453,4.251218784866599,1
50.0,0.3368492546772717,0.3841987676681339,0.021000828386332965,0.08548208869793267,0
0.013471229009251415,0.000846747626399689,0.2814339981568939,4.627840927353803,0.4459385701652126,1
1.9905541414120544,0.00027426265089695173,0.0007452803276064883,0.01950281971618081,0.08684658817641239,0
0.5229288352904277,2.0775411258573286,50.0,0.8189362596094016,0.16675940612961856,0
6.774597615466626e-05,0.09880066428090922,0.4445085838660827,21.577957647851775,0.19712246587523347,1
0.4511454235493813,47.878038641303554,0.31611438218726384,0.1202383030719209,0.06648622418461494,0
23.83520851514461,0.6432647555183529,0.23362504040149093,0.00042745639939935354,0.0007497994269580839,0
0.010804221980207116,0.03168795778345985,0.23027891544456358,8.63070787097426,0.45999619168272426,1
5.666154835062633,0.2633016346416548,0.05946312594262026,0.0003955147140880344,0.0748195639550219,0
0.1943065906665678,20.63006075083083,1.3272078110523333,0.04033086125951892,0.0027455191120576983,1
1.9918335088197492,5.3185247886599,0.7190396940929652,0.11981779752560429,0.06917654201981957,0
2.006613043979641,0.7226636732223278,0.05174067819799054,0.013870447536323152,0.00019592633214864785,0
3.815353954305671,1.9887306110406837,0.3703803696712007,0.0009198101032871947,0.0002509616679470015,0
0.635698080949963,1.0521781333947615,44.59456551619375,0.8064747274529462,0.21979099056565135,0
0.08567531004571305,0.8169383525878395,2.546817218840766,0.27536078301866374,1.6029414534919075,1
0.0953248781560236,0.27373659708421627,4.524837937237601,5.31987366682138,2.2761710464145684,1
0.08094527981089118,0.070445912965817,0.06065430300054929,0.12447257697548643,10.73498787231244,1
0.0006472245417988441,0.08797956919754102,0.10376185050314532,0.2522469783611881,1.2563205678265934,1
0.05484448669032174,0.017048351823273716,0.44030862338761684,9.096278117136613,1.1460793639057525,1
25.250555462731413,0.12577397563058948,0.1412510024328681,0.12954455844352541,0.0657512231040982,0
0.5749229433510092,0.7193910457218183,46.59338292344105,1.4792115401583616,0.13776152009114756,0
1.4630358807768582,2.2292204791176946,0.12744133485309506,0.05331877494098339,7.504472682546725e-05,0
8.613237246817093,0.42247310458470366,0.17163225195749474,0.00020110477894605684,0.08341001245561525,0
41.622122542891034,0.0294891472740042,0.02822551422359995,0.0003855694725689365,0.04285118238040929,0
0.025425000029927827,0.2632265055882627,5.954041041717591,2.183209556235911,1.6129324003967778,1
0.23937934402419267,0.07611345332110504,0.7036277275841045,8.32531794494956,0.03996922367904799,0
0.0009277922722059984,0.03245059662609896,0.2652992693751585,0.5255238265866387,48.3124519801257,1
9.818362227735772,1.8730855067694892,0.6709854612499178,0.09960255176271637,0.08649067950740702,0
0.028443199546651393,1.250376998515295,0.0760871994027123,0.0006922163812089846,0.00040895945945795,0
0.039280964473877966,0.07110895927096746,0.07188586262829653,0.6581731447267406,0.16158746980297878,1
0.04632352238347806,0.006315300950647716,0.5634176804221418,43.562742855591516,0.7107935336194838,1
0.4660643921672368,2.1854626372955406,41.36662062301748,0.4691894483277053,0.21381244014273584,1
14.328520403821793,0.2792948039130184,0.14350998267223097,0.08335256419027015,0.08752480478873405,0
0.051502361983831554,0.0993977239613425,0.3307577386106561,2.6449731683764157,0.1372563649156315,1
29.711612402427956,0.8891416976242252,0.6943465564039032,0.1325722886831384,0.0005874410893560685,0
0.010006033695457328,0.021160654806411064,0.8482524440936376,0.9869586042716157,15.765685244995309,1
0.07619366512344576,0.22477162522110225,4.498553207646377,22.106791410095653,1.213190095447308,1
1.237058810748644,0.2116263707426863,1.7510470874590924,0.8138142133126421,0.07552888282040779,0
0.00017021214076965918,0.12028959793721816,0.5107711430735513,1.7085912015260007,13.849803087277156,1
0.05265645816650896,0.8509591033568045,1.1015488768239503,0.21535519258400737,0.805416892205884,1
0.00025468376020079285,0.07275472664962479,0.005732298093598667,0.3815021307115213,0.13982870601775294,1
0.4174720180101975,50.0,1.7567014179070328,0.014709751625263903,0.17531567110712307,0
0.1544322568902277,0.5746430673381757,50.0,2.629784144665524,0.7078480553024935,1
2.0505512464438778,0.5998307245228489,0.0459203447237477,0.06653462037003594,0.06495455928731142,0
0.08402619206943221,0.6177864096554017,29.872764790679167,1.4094940232786914,1.2036513254507004,1
0.05038101437867569,0.04222836702060685,0.30920552937710105,12.604613840251602,0.7281013722704662,1
3.393358430529685,0.23905394500076343,0.7456428602024103,0.43023411020726704,0.0007180990750936681,0
0.11119544589167747,0.03745537802398353,0.18344378352366128,0.6840165145466778,28.02289223996023,1
36.80538818893417,0.28984034897568517,0.0860990698315886,0.0004307793792221651,0.014297002900101318,0
0.0487000618887101,10.118095159751247,0.4830266520689367,0.09761750939679427,0.14717271163618417,1
0.15178348898440047,1.0807207736380857,5.030804490490103,0.2748725079244009,0.945832374805177,1
0.007994299714002513,1.5946252615181702,1.7742768331224494,0.14150462597162022,0.718864355878553,1
0.059585591975802966,0.08068523596498424,0.0992197693918641,1.5244292647509283,1.763491400704604,1
50.0,0.15027569907744318,0.08400605844195591,0.015812302250366082,4.511997779926502e-06,0
0.0776349766921507,0.150375426857642,0.4496771963486899,1.4933877846570278,8.036885461988641,1
0.8444287406890728,0.6274957526040403,15.286721490194735,1.0692138213465847,0.17285585051554786,0
9.883522952365604,0.7617791966158294,0.26386835213156823,0.12034181584286517,0.0858375260573613,0
0.0006415604069097107,0.4652723252141816,0.93856944852097,0.1424315900978948,2.2461664599941313,1
1.1046061665316,2.1024908461503795,0.3007231062453597,0.0005386067872153976,0.0006245077254512087,0
2.0852036432643657,3.2888868190479443,0.3100053438671731,0.0006513498990931261,0.03438902220824439,0
0.07792926077337096,0.06381225821457999,0.02523088406056595,0.21786933477838208,31.963076097769576,1
9.538553114713867,0.4371882004988401,0.20699892144895105,0.0006215438444224972,0.057397771868876665,0
50.0,0.2233356655718306,0.15066906381301645,0.08758078502418026,0.03701479334056851,0
2.1511854505639807,9.200535288691343,0.7448354374600417,0.07772070566853866,0.0002685688078040752,0
0.05023385105967738,0.05316350674952315,0.4353786577515133,1.151953162195783,27.94052216933487,1
0.8281256156476683,3.5516540275416264,11.047297309556887,0.4083112054752017,0.10755924175164114,1
0.05966669383444277,0.2447309257922701,1.4746862577785278,0.962914271432196,7.21484042660901,1
0.11809908131931576,0.6025601873263506,0.7647685109677897,0.10338156593107674,0.7142201225580623,1
0.2244214605073372,0.09415376041151513,0.8623921215612984,1.8239757857578904,0.014824717535000705,0
4.1813177333137785,0.27959711815023586,0.7206780106206017,0.3332929004653773,0.07490711278674947,0
0.07938922887567654,0.8302690335245593,0.09122078590811564,0.10153420016419938,0.023661471329020196,0
5.028473578425632,0.09336975550762433,0.49696287796553407,0.1498091344790886,0.11674163307950877,0
0.00011498133633100127,0.055197631371649195,0.07366076380333998,0.08984739630631938,3.3445257196497566,1
0.0006965835383682736,0.10867082760093877,0.14082961987114637,0.41337166577674794,0.0007231044762411517,1
1.6351817544319782,5.345164448994044,0.4450346245802673,0.0006024344522036695,0.0007238589263529207,0
0.07694787636455855,0.13854889670568601,0.3972276566776434,6.282697162518405,0.8257805676773118,1
0.24450065411817315,13.473595786078702,0.2159403035422081,0.04233313573968588,0.0005914316077661739,0
0.0004968736520365316,0.02639896502868101,0.12177613754014474,0.07231676319162518,50.0,1
0.000505800561511686,0.173107130031374,1.0498082301503435,0.4042198691964389,18.102095326763283,1
0.6135967776261781,0.5634503662878467,0.03591167171380304,0.021779574104613657,0.04783689174524619,0
0.2442622277547224,50.0,3.9391079241207656,0.06795239958480757,0.08395935740517349,1
6.704811670332959,0.15795879383197534,0.38398642091430274,0.17218613710284708,0.012735430911122307,0
0.23806677914855803,1.1864696978916618,0.0854700331267985,2.6073593958745868e-05,0.03844303385044409,0
0.15923133699999167,0.06247018312262745,0.8900409127943082,8.910328561824235,0.03959700022138105,0
0.20563819056082197,0.18162840625452303,5.218704104274895,15.060004548892254,0.27857490312323036,0
0.11961405452988952,0.000328516487053127,0.0006940494136904887,0.594748222591115,0.12094984285961201,1
50.0,0.49536551458822625,0.678381551637219,0.20192904803525158,0.10643343681347525,0
50.0,0.31331206408489337,0.3372494104517443,0.07453160184090024,0.015313260210737773,0
25.428524813043943,0.12381786979231085,0.2851852701934661,0.10948942201058265,0.0599742396672883,0
0.08668592931067223,0.028515963366308295,0.4565713483824275,0.4702268253508229,50.0,1
0.20705055003410602,26.437341172543547,0.3556616129019558,0.027920471183868936,0.025551991387120544,0
0.025419031008852695,0.06299113267679361,0.22136687318974407,3.0762802475990503,0.3170930857431,1
0.12754360611761562,0.8670526969949461,1.0973037430381727,0.16463795365866177,1.169089455532389,1
1.0307034260736412,1.0852479751991986,27.919013721308044,0.7532210800271876,0.11438414504821846,0
0.0410340037071361,0.0006494028039875127,0.39745513437329044,10.740662043430028,0.21083394861592425,1
8.24605104453815e-05,0.011872943258972452,0.07894740149324672,0.28752351911429463,1.288758718345211,1
1.2840555944036098,0.8035243429652152,0.0806359669040692,0.019771421797016527,0.0008734232258593767,0
0.47315128922245636,50.0,0.5141562382720046,0.0006454779959701013,0.021936968250143102,0
0.8498199043438499,0.22911447058927947,1.2591421622813779,0.8929521384883925,0.0764625289893906,0
0.00037008949837683604,0.03731978017976642,1.3572367110116823,5.813648682791822,4.260386130769158,1
